  2452072.60390   15.298    0.007
  2452072.61385   15.300    0.006
  2452072.62520   15.312    0.006
  2452072.63380   15.299    0.006
  2452072.64243   15.302    0.006
  2452072.65786   15.315    0.006
  2452072.66651   15.311    0.006
  2452072.67516   15.314    0.006
  2452072.68381   15.318    0.006
  2452072.69247   15.315    0.006
  2452072.70112   15.313    0.006
  2452072.73121   15.297    0.006
  2452072.74842   15.302    0.006
  2452072.75703   15.291    0.006
  2452072.76565   15.298    0.006
  2452072.77427   15.303    0.006
  2452072.78329   15.302    0.006
  2452072.79189   15.293    0.006
  2452072.80052   15.295    0.006
  2452072.80915   15.299    0.006
  2452072.81776   15.297    0.006
  2452072.82639   15.310    0.006
  2452072.83592   15.294    0.006
  2452072.84479   15.300    0.006
  2452072.85392   15.305    0.006
  2452072.86477   15.294    0.006
  2452072.87336   15.296    0.006
  2452072.88731   15.298    0.007
  2452072.89614   15.305    0.007
  2452072.90474   15.311    0.007
  2452072.91329   15.297    0.007
  2452073.58520   15.316    0.006
  2452073.60056   15.299    0.006
  2452073.60916   15.310    0.006
  2452073.61777   15.312    0.006
  2452073.62639   15.309    0.006
  2452073.63500   15.309    0.006
  2452073.64361   15.298    0.006
  2452073.65242   15.302    0.006
  2452073.66102   15.305    0.004
  2452073.68050   15.302    0.006
  2452073.68916   15.300    0.006
  2452073.69778   15.304    0.006
  2452073.70640   15.295    0.006
  2452073.71505   15.306    0.006
  2452073.72367   15.297    0.006
  2452073.74170   15.305    0.006
  2452073.75026   15.307    0.006
  2452073.75886   15.308    0.006
  2452073.76745   15.302    0.006
  2452073.77607   15.302    0.006
  2452073.78931   15.286    0.006
  2452073.81198   15.304    0.006
  2452073.82778   15.294    0.006
  2452073.83681   15.307    0.007
  2452073.85200   15.309    0.006
  2452073.86058   15.313    0.006
  2452073.86917   15.310    0.006
  2452073.87777   15.314    0.006
  2452073.88637   15.312    0.006
  2452073.89988   15.313    0.006
  2452073.90844   15.327    0.006
  2452074.57918   15.299    0.006
  2452074.58778   15.297    0.006
  2452074.59640   15.304    0.006
  2452074.60501   15.303    0.006
  2452074.61365   15.297    0.006
  2452074.62228   15.299    0.006
  2452074.63139   15.300    0.007
  2452074.64000   15.292    0.007
  2452074.64859   15.297    0.006
  2452074.65720   15.304    0.007
  2452074.66587   15.308    0.006
  2452074.67452   15.307    0.006
  2452074.68339   15.300    0.006
  2452074.70572   15.300    0.006
  2452074.71438   15.302    0.006
  2452074.72503   15.305    0.006
  2452074.73419   15.298    0.006
  2452074.74277   15.294    0.006
  2452074.76654   15.298    0.006
  2452074.77515   15.302    0.006
  2452074.78375   15.308    0.007
  2452074.79234   15.297    0.007
  2452074.80221   15.301    0.006
  2452074.81086   15.296    0.006
  2452074.81967   15.306    0.006
  2452074.82828   15.287    0.006
  2452074.83689   15.298    0.007
  2452074.84551   15.302    0.006
  2452074.85412   15.309    0.006
  2452074.86272   15.299    0.006
  2452074.87175   15.303    0.006
  2452074.88896   15.294    0.006
  2452074.89756   15.298    0.006
  2452074.90619   15.305    0.006
  2452074.91218   15.300    0.006
  2452075.61394   15.295    0.007
  2452075.62251   15.295    0.006
  2452075.63115   15.292    0.006
  2452075.63976   15.289    0.007
  2452075.65359   15.297    0.007
  2452075.66800   15.300    0.007
  2452075.67660   15.301    0.006
  2452075.68520   15.294    0.006
  2452075.69384   15.291    0.006
  2452075.70244   15.307    0.006
  2452075.71108   15.305    0.006
  2452075.72012   15.307    0.006
  2452075.72935   15.304    0.006
  2452075.73794   15.296    0.006
  2452075.74651   15.294    0.007
  2452075.77331   15.292    0.007
  2452075.78191   15.302    0.007
  2452075.79051   15.303    0.007
  2452075.79939   15.301    0.007
  2452075.81659   15.297    0.007
  2452075.82519   15.296    0.006
  2452075.83376   15.302    0.007
  2452075.84641   15.300    0.006
  2452075.85504   15.300    0.006
  2452075.86365   15.297    0.007
  2452075.87222   15.304    0.007
  2452075.88079   15.290    0.006
  2452075.88938   15.288    0.006
  2452075.89828   15.311    0.008
  2452076.69245   15.291    0.007
  2452076.70107   15.303    0.007
  2452076.70970   15.302    0.007
  2452076.72323   15.291    0.006
  2452076.73320   15.292    0.006
  2452076.74201   15.297    0.007
  2452076.75076   15.294    0.007
  2452076.75951   15.300    0.006
  2452076.76829   15.300    0.006
  2452076.77706   15.298    0.007
  2452076.79295   15.297    0.006
  2452076.80430   15.298    0.006
  2452076.82955   15.298    0.006
  2452076.83824   15.292    0.006
  2452076.84700   15.292    0.007
  2452076.85575   15.298    0.007
  2452076.86447   15.302    0.007
  2452076.87323   15.296    0.007
  2452076.88252   15.300    0.007
  2452076.89126   15.299    0.007
  2452077.58922   15.300    0.007
  2452077.60982   15.295    0.007
  2452077.62049   15.297    0.006
  2452077.63143   15.302    0.006
  2452077.64017   15.294    0.006
  2452077.65307   15.293    0.006
  2452077.66182   15.293    0.006
  2452077.67057   15.298    0.006
  2452077.67930   15.302    0.006
  2452077.69151   15.301    0.006
  2452077.70029   15.294    0.006
  2452077.70908   15.300    0.006
  2452077.71782   15.303    0.006
  2452077.72654   15.296    0.006
  2452077.73531   15.293    0.006
  2452077.74510   15.301    0.006
  2452077.75387   15.303    0.006
  2452077.76266   15.301    0.006
  2452077.77141   15.292    0.006
  2452077.78014   15.304    0.006
  2452077.79228   15.294    0.006
  2452077.80099   15.293    0.006
  2452077.80975   15.304    0.006
  2452077.81850   15.296    0.006
  2452077.82727   15.290    0.006
  2452077.83604   15.314    0.007
  2452077.84513   15.293    0.007
  2452077.85388   15.300    0.007
  2452077.86264   15.300    0.007
  2452077.87136   15.309    0.007
  2452077.88007   15.304    0.007
  2452077.88880   15.296    0.007
  2452077.89782   15.303    0.007
  2452077.90658   15.291    0.007
  2452078.59509   15.295    0.006
  2452078.60384   15.295    0.007
  2452078.61259   15.300    0.006
  2452078.62139   15.299    0.006
  2452078.63011   15.294    0.006
  2452078.63891   15.297    0.006
  2452078.65927   15.299    0.006
  2452078.66802   15.293    0.006
  2452078.67676   15.303    0.006
  2452078.68554   15.302    0.006
  2452078.69429   15.300    0.006
  2452078.70303   15.291    0.006
  2452078.71269   15.304    0.006
  2452078.72163   15.305    0.006
  2452078.73035   15.308    0.006
  2452078.73908   15.307    0.006
  2452078.74782   15.311    0.006
  2452078.75655   15.305    0.006
  2452078.77392   15.299    0.006
  2452078.78848   15.291    0.006
  2452078.79727   15.300    0.006
  2452078.80601   15.292    0.006
  2452078.81477   15.300    0.006
  2452078.84082   15.299    0.006
  2452078.84959   15.300    0.007
  2452078.86785   15.300    0.007
  2452078.87656   15.302    0.007
  2452078.88532   15.300    0.007
  2452079.62512   15.304    0.007
  2452079.63390   15.305    0.007
  2452079.64265   15.300    0.007
  2452079.65141   15.300    0.006
  2452079.66016   15.306    0.006
  2452079.66894   15.291    0.006
  2452079.67873   15.296    0.006
  2452079.68748   15.298    0.006
  2452079.69620   15.304    0.006
  2452079.70492   15.300    0.006
  2452079.71368   15.293    0.006
  2452079.72241   15.310    0.006
  2452079.73656   15.301    0.006
  2452079.74531   15.301    0.006
  2452079.75405   15.310    0.006
  2452079.76278   15.297    0.006
  2452079.77152   15.291    0.006
  2452079.78683   15.301    0.006
  2452079.79892   15.302    0.006
  2452079.80769   15.304    0.007
  2452079.81764   15.300    0.007
  2452080.55851   15.293    0.006
  2452080.57293   15.298    0.006
  2452080.58163   15.288    0.006
  2452080.59038   15.298    0.006
  2452080.59911   15.294    0.006
  2452080.60783   15.293    0.006
  2452080.61658   15.290    0.006
  2452080.63130   15.299    0.006
  2452080.64006   15.291    0.006
  2452080.64882   15.298    0.006
  2452080.65760   15.294    0.006
  2452080.66635   15.291    0.006
  2452080.68099   15.297    0.006
  2452080.70263   15.299    0.006
  2452080.71138   15.308    0.006
  2452080.72347   15.300    0.006
  2452080.75389   15.294    0.006
  2452080.76635   15.312    0.006
  2452080.78065   15.295    0.006
  2452080.80604   15.301    0.006
  2452080.81641   15.297    0.006
  2452080.82518   15.306    0.006
  2452080.83388   15.310    0.006
  2452080.84260   15.299    0.006
  2452080.85136   15.290    0.007
  2452080.86016   15.297    0.007
  2452081.57211   15.305    0.006
  2452081.58199   15.293    0.006
  2452081.59073   15.299    0.006
  2452081.60137   15.303    0.006
  2452081.62093   15.307    0.006
  2452081.66368   15.288    0.006
  2452081.70519   15.295    0.006
  2452081.71393   15.294    0.006
  2452081.72273   15.302    0.006
  2452081.73147   15.294    0.006
  2452081.74022   15.303    0.006
  2452081.74896   15.289    0.006
  2452081.75979   15.295    0.006
  2452081.76856   15.302    0.006
  2452081.77734   15.297    0.006
  2452081.78606   15.290    0.006
  2452081.80415   15.303    0.006
  2452081.81290   15.311    0.006
  2452081.82167   15.309    0.006
  2452081.83367   15.301    0.006
  2452081.84242   15.300    0.006
  2452081.87125   15.286    0.006
  2452081.88250   15.299    0.007
  2452082.64570   15.298    0.006
  2452082.68803   15.303    0.006
  2452082.69879   15.301    0.006
  2452082.70815   15.300    0.006
  2452082.71691   15.295    0.006
  2452082.72941   15.297    0.006
  2452082.74114   15.302    0.006
  2452082.74984   15.294    0.006
  2452082.75855   15.296    0.006
  2452082.77081   15.299    0.006
  2452082.78639   15.299    0.006
  2452082.79513   15.303    0.006
  2452082.80387   15.294    0.006
  2452082.81264   15.292    0.006
  2452082.82138   15.303    0.006
  2452082.83014   15.300    0.006
  2452082.84264   15.306    0.006
  2452082.85142   15.299    0.006
  2452082.86020   15.297    0.006
  2452082.86894   15.290    0.006
  2452082.87770   15.294    0.006
  2452082.88648   15.294    0.007
  2452082.89913   15.297    0.007
  2452085.63364   15.297    0.007
  2452085.64221   15.301    0.006
  2452085.65085   15.300    0.007
  2452085.65948   15.292    0.007
  2452085.66805   15.294    0.006
  2452085.67669   15.295    0.006
  2452085.68791   15.304    0.007
  2452085.69647   15.302    0.007
  2452085.70507   15.304    0.007
  2452085.71370   15.292    0.007
  2452085.72238   15.297    0.007
  2452085.73099   15.287    0.007
  2452085.74080   15.306    0.007
  2452085.74941   15.307    0.007
  2452085.76163   15.302    0.006
  2452085.77828   15.301    0.007
  2452085.78762   15.309    0.007
  2452085.79781   15.292    0.007
  2452085.81009   15.284    0.007
  2452085.82883   15.304    0.007
  2452085.83740   15.307    0.007
  2452085.84600   15.294    0.007
  2452085.85460   15.297    0.007
  2452085.86324   15.292    0.007
  2452086.55766   15.296    0.006
  2452086.56630   15.293    0.006
  2452086.57488   15.299    0.006
  2452086.59464   15.292    0.006
  2452086.60323   15.296    0.006
  2452086.61185   15.288    0.006
  2452086.63116   15.292    0.006
  2452086.63976   15.297    0.006
  2452086.64837   15.304    0.006
  2452086.65696   15.300    0.006
  2452086.66557   15.304    0.006
  2452086.67418   15.296    0.006
  2452086.68590   15.303    0.006
  2452086.69445   15.291    0.006
  2452086.70303   15.296    0.006
  2452086.71162   15.300    0.006
  2452086.72087   15.293    0.006
  2452086.73376   15.296    0.006
  2452086.74241   15.296    0.006
  2452086.75100   15.291    0.006
  2452086.75961   15.291    0.006
  2452086.76820   15.295    0.006
  2452086.78153   15.302    0.006
  2452086.79014   15.301    0.006
  2452086.79877   15.305    0.007
  2452086.81112   15.307    0.006
  2452086.81973   15.293    0.006
  2452086.82833   15.299    0.006
  2452086.84080   15.293    0.007
  2452086.84944   15.301    0.007
  2452086.85806   15.301    0.007
  2452086.86662   15.292    0.008
  2452087.56335   15.304    0.006
  2452087.60498   15.294    0.006
  2452087.62247   15.292    0.006
  2452087.63118   15.295    0.006
  2452087.63993   15.297    0.006
  2452087.64868   15.294    0.004
  2452087.65768   15.297    0.006
  2452087.66644   15.293    0.006
  2452087.67850   15.295    0.006
  2452087.68725   15.302    0.006
  2452087.69661   15.299    0.006
  2452087.71407   15.304    0.006
  2452087.72284   15.294    0.006
  2452087.73163   15.296    0.006
  2452087.74044   15.302    0.006
  2452087.74918   15.291    0.006
  2452087.75792   15.308    0.004
  2452087.76842   15.296    0.004
  2452087.77714   15.299    0.004
  2452087.79468   15.309    0.004
  2452087.80339   15.293    0.004
  2452087.82140   15.300    0.006
  2452087.83013   15.290    0.006
  2452087.83889   15.305    0.006
  2452087.84764   15.284    0.006
  2452087.85636   15.280    0.006
  2452087.86511   15.296    0.006
  2452088.56079   15.295    0.006
  2452088.57267   15.291    0.006
  2452088.58143   15.298    0.006
  2452088.59022   15.294    0.006
  2452088.59900   15.303    0.006
  2452088.60792   15.299    0.006
  2452088.61669   15.301    0.006
  2452088.62547   15.293    0.006
  2452088.63425   15.299    0.006
  2452088.64452   15.292    0.006
  2452088.65334   15.303    0.006
  2452088.66210   15.293    0.006
  2452088.67088   15.296    0.006
  2452088.68203   15.300    0.006
  2452088.69132   15.306    0.006
  2452088.70004   15.295    0.006
  2452088.70878   15.299    0.006
  2452088.71755   15.302    0.007
  2452088.72761   15.296    0.006
  2452088.74150   15.301    0.006
  2452088.75025   15.299    0.006
  2452088.75897   15.290    0.006
  2452088.76772   15.291    0.007
  2452088.77960   15.303    0.006
  2452088.78839   15.301    0.006
  2452088.79714   15.300    0.007
  2452088.80593   15.308    0.007
  2452088.81469   15.301    0.007
  2452088.82345   15.302    0.007
  2452088.83262   15.294    0.007
  2452088.84138   15.298    0.007
  2452088.85014   15.311    0.007
  2452089.61326   15.307    0.006
  2452089.62197   15.318    0.006
  2452089.63072   15.315    0.006
  2452089.63945   15.305    0.006
  2452089.64821   15.312    0.006
  2452089.65733   15.320    0.006
  2452090.64537   15.292    0.006
  2452090.65507   15.287    0.006
  2452090.66412   15.300    0.006
  2452090.67287   15.300    0.006
  2452090.68179   15.303    0.007
  2452090.71006   15.299    0.007
  2452090.71878   15.300    0.007
  2452090.72752   15.295    0.007
  2452090.73621   15.305    0.007
  2452090.74496   15.304    0.007
  2452090.75379   15.300    0.007
  2452090.76333   15.296    0.006
  2452090.77202   15.293    0.006
  2452090.78077   15.303    0.006
  2452090.78956   15.310    0.006
  2452090.79838   15.298    0.006
  2452090.80713   15.297    0.007
  2452090.81917   15.302    0.007
  2452090.83313   15.301    0.007
  2452090.84812   15.324    0.007
  2452091.58968   15.298    0.006
  2452091.59844   15.295    0.006
  2452091.60723   15.301    0.006
  2452091.61796   15.298    0.006
  2452091.63406   15.297    0.006
  2452091.65560   15.296    0.006
  2452091.66519   15.294    0.006
  2452091.67388   15.300    0.006
  2452091.68327   15.298    0.006
  2452091.69208   15.293    0.006
  2452091.70080   15.296    0.006
  2452091.70958   15.306    0.006
  2452091.71855   15.295    0.006
  2452091.72726   15.299    0.006
  2452091.73602   15.297    0.006
  2452091.74476   15.300    0.006
  2452091.75352   15.300    0.006
  2452091.76716   15.300    0.006
  2452091.77757   15.307    0.006
  2452091.78632   15.298    0.006
  2452091.79508   15.299    0.006
  2452091.80385   15.299    0.006
  2452091.81261   15.301    0.006
  2452091.82140   15.306    0.006
  2452091.83060   15.299    0.006
  2452091.83954   15.290    0.006
  2452091.84827   15.302    0.006
  2452091.85704   15.303    0.006
  2452091.86577   15.291    0.006
  2452091.87452   15.294    0.006
  2452092.64709   15.297    0.006
  2452092.65589   15.302    0.006
  2452092.66464   15.307    0.006
  2452092.67621   15.295    0.006
  2452092.68496   15.295    0.006
  2452092.69375   15.297    0.006
  2452092.70251   15.291    0.006
  2452092.71128   15.294    0.006
  2452092.72006   15.292    0.006
  2452092.73531   15.292    0.006
  2452092.74537   15.309    0.006
  2452092.75466   15.288    0.006
  2452092.76338   15.301    0.006
  2452092.77212   15.296    0.006
  2452092.78090   15.307    0.006
  2452092.78964   15.297    0.007
  2452092.80015   15.305    0.007
  2452092.80889   15.298    0.007
  2452092.81760   15.302    0.007
  2452092.83280   15.296    0.007
  2452101.55462   15.298    0.006
  2452101.56335   15.292    0.006
  2452101.57210   15.298    0.006
  2452101.58083   15.305    0.006
  2452101.58955   15.301    0.006
  2452101.59833   15.300    0.006
  2452101.61287   15.305    0.007
  2452101.62167   15.300    0.006
  2452101.63043   15.298    0.006
  2452101.63919   15.297    0.006
  2452101.64790   15.298    0.006
  2452101.65731   15.302    0.006
  2452101.66628   15.297    0.006
  2452101.67500   15.307    0.006
  2452101.68376   15.295    0.006
  2452101.69250   15.304    0.006
  2452101.70125   15.287    0.006
  2452101.70997   15.292    0.006
  2452101.72721   15.304    0.006
  2452101.74256   15.310    0.007
  2452101.76112   15.316    0.007
  2452101.76989   15.311    0.006
  2452101.77862   15.318    0.006
  2452102.53903   15.299    0.006
  2452102.54911   15.298    0.006
  2452102.55836   15.303    0.006
  2452102.56712   15.299    0.006
  2452102.58288   15.300    0.006
  2452102.59164   15.296    0.006
  2452102.60038   15.298    0.006
  2452102.60914   15.301    0.006
  2452102.61791   15.302    0.006
  2452102.62664   15.305    0.006
  2452102.63600   15.297    0.006
  2452102.64476   15.293    0.006
  2452102.65411   15.291    0.004
  2452103.50294   15.302    0.006
  2452103.51165   15.300    0.006
  2452103.52213   15.297    0.006
  2452103.53091   15.294    0.006
  2452103.53962   15.289    0.006
  2452103.54837   15.299    0.006
  2452103.55709   15.293    0.006
  2452103.56579   15.305    0.006
  2452103.57773   15.303    0.006
  2452103.58651   15.301    0.006
  2452103.59528   15.309    0.006
  2452103.60403   15.292    0.004
  2452103.61346   15.305    0.004
  2452103.62222   15.298    0.006
  2452103.63096   15.295    0.004
  2452103.63966   15.302    0.006
  2452103.64899   15.299    0.004
  2452103.65773   15.298    0.006
  2452103.66766   15.297    0.006
  2452103.67644   15.299    0.006
  2452103.71673   15.296    0.006
  2452103.72621   15.304    0.006
  2452103.73497   15.296    0.006
  2452103.74375   15.295    0.007
  2452103.75251   15.302    0.006
  2452103.76126   15.292    0.006
  2452103.76997   15.299    0.006
  2452103.77871   15.299    0.006
  2452103.78748   15.292    0.006
  2452103.79617   15.302    0.006
  2452105.50920   15.303    0.006
  2452105.52288   15.298    0.006
  2452105.53194   15.300    0.006
  2452105.54069   15.300    0.006
  2452105.54941   15.297    0.006
  2452105.55817   15.296    0.006
  2452105.56937   15.307    0.006
  2452105.57812   15.309    0.006
  2452105.58686   15.295    0.006
  2452105.59562   15.300    0.006
  2452105.61445   15.282    0.006
  2452105.62354   15.304    0.006
  2452105.63644   15.300    0.006
  2452105.64617   15.293    0.006
  2452105.65843   15.302    0.006
  2452105.66747   15.299    0.006
  2452105.67623   15.305    0.006
  2452105.68496   15.297    0.006
  2452105.69372   15.296    0.006
  2452105.70248   15.305    0.006
  2452105.71850   15.292    0.006
  2452105.72762   15.292    0.006
  2452105.73634   15.301    0.006
  2452105.74509   15.288    0.006
  2452105.75385   15.300    0.006
  2452105.76259   15.296    0.006
  2452105.77135   15.292    0.006
  2452105.78050   15.288    0.007
  2452105.78924   15.306    0.006
  2452105.79804   15.311    0.007
  2452105.80686   15.294    0.007
  2452106.59840   15.314    0.006
  2452106.60803   15.312    0.006
  2452106.61725   15.311    0.006
  2452106.62601   15.314    0.006
  2452106.63479   15.314    0.006
  2452106.64427   15.309    0.006
  2452106.65303   15.301    0.006
  2452106.66180   15.293    0.006
  2452106.67090   15.306    0.006
  2452106.67965   15.296    0.006
  2452106.68839   15.300    0.006
  2452106.69708   15.297    0.006
  2452106.70587   15.304    0.006
  2452106.72125   15.299    0.006
  2452106.73000   15.296    0.006
  2452106.73877   15.298    0.006
  2452106.74750   15.297    0.006
  2452106.75623   15.298    0.006
  2452106.76496   15.303    0.006
  2452111.51506   15.302    0.006
  2452111.52380   15.300    0.007
  2452111.53260   15.299    0.007
  2452111.54131   15.307    0.007
  2452111.55012   15.295    0.007
  2452111.55887   15.297    0.006
  2452111.56812   15.291    0.007
  2452111.57685   15.292    0.006
  2452111.58561   15.301    0.006
  2452111.59440   15.299    0.007
  2452111.60313   15.301    0.007
  2452111.61182   15.300    0.007
  2452111.62095   15.291    0.007
  2452111.63036   15.295    0.007
  2452111.63912   15.311    0.007
  2452111.64787   15.301    0.007
  2452111.65662   15.296    0.007
  2452111.66534   15.302    0.006
  2452111.67456   15.304    0.006
  2452111.68333   15.297    0.006
  2452111.69207   15.299    0.007
  2452111.70081   15.303    0.007
  2452111.70956   15.292    0.007
  2452111.71831   15.288    0.007
  2452111.72761   15.297    0.007
  2452111.73635   15.283    0.007
  2452111.74512   15.292    0.006
  2452111.75384   15.293    0.006
  2452112.50763   15.304    0.006
  2452112.51726   15.298    0.006
  2452112.53026   15.304    0.007
  2452112.53904   15.302    0.006
  2452112.55858   15.305    0.006
  2452112.56730   15.296    0.006
  2452112.58162   15.299    0.006
  2452112.59036   15.295    0.006
  2452112.60371   15.297    0.006
  2452112.61243   15.289    0.006
  2452112.62120   15.300    0.006
  2452112.62993   15.294    0.006
  2452112.63867   15.296    0.006
  2452112.64747   15.307    0.006
  2452112.66934   15.309    0.004
  2452112.67811   15.314    0.006
  2452112.68685   15.320    0.006
  2452112.69562   15.312    0.006
  2452112.70572   15.306    0.006
  2452112.71476   15.298    0.006
  2452112.73227   15.299    0.006
  2452112.74104   15.300    0.006
  2452112.74981   15.287    0.006
  2452112.75922   15.295    0.006
  2452113.51878   15.298    0.007
  2452113.52757   15.299    0.007
  2452113.53628   15.301    0.007
  2452113.54561   15.291    0.007
  2452113.55437   15.305    0.006
  2452113.56309   15.312    0.007
  2452113.57179   15.299    0.007
  2452113.58053   15.305    0.006
  2452113.58928   15.298    0.006
  2452113.59856   15.294    0.006
  2452113.60730   15.289    0.007
  2452113.61606   15.302    0.006
  2452113.62510   15.297    0.007
  2452113.63385   15.298    0.007
  2452113.64260   15.302    0.007
  2452113.65213   15.295    0.007
  2452113.66089   15.290    0.007
  2452113.71830   15.299    0.006
  2452113.72705   15.298    0.007
  2452113.73579   15.292    0.007
  2452113.74455   15.297    0.007
  2452113.75330   15.299    0.007
  2452113.76205   15.299    0.007
  2452113.77125   15.297    0.007
  2452113.77999   15.292    0.007
  2452114.69672   15.289    0.006
  2452114.70546   15.287    0.007
  2452114.71425   15.293    0.007
  2452114.72440   15.294    0.007
  2452114.73371   15.299    0.007
  2452114.74349   15.301    0.007
  2452114.75407   15.298    0.007
  2452114.76321   15.303    0.007
  2452114.77201   15.298    0.006
  2452114.78078   15.299    0.006
  2452114.80089   15.300    0.007
  2452115.55621   15.299    0.007
  2452115.56571   15.300    0.007
  2452115.57529   15.292    0.007
  2452115.58971   15.302    0.007
  2452115.59846   15.295    0.006
  2452115.60721   15.296    0.007
  2452115.62112   15.302    0.007
  2452115.62985   15.307    0.007
  2452115.63873   15.289    0.007
  2452115.64975   15.296    0.006
  2452115.65900   15.291    0.006
  2452115.66776   15.291    0.006
  2452115.67647   15.299    0.007
  2452115.68522   15.297    0.007
  2452115.69398   15.299    0.006
  2452115.70273   15.301    0.007
  2452115.73712   15.299    0.006
  2452115.74822   15.293    0.006
  2452116.51245   15.303    0.007
  2452116.52120   15.299    0.008
  2452116.52997   15.310    0.008
  2452116.56545   15.306    0.006
  2452116.57422   15.295    0.007
  2452116.58356   15.291    0.007
  2452116.59440   15.293    0.006
  2452116.60398   15.300    0.006
  2452116.61330   15.303    0.006
  2452116.62207   15.302    0.006
  2452116.63084   15.306    0.006
  2452116.63959   15.292    0.006
  2452116.65969   15.299    0.006
  2452116.66844   15.301    0.006
  2452116.67722   15.288    0.006
  2452116.68598   15.304    0.006
  2452116.69470   15.303    0.006
  2452116.70343   15.295    0.006
  2452116.71342   15.298    0.006
  2452116.72219   15.304    0.006
  2452116.73095   15.300    0.006
  2452116.73969   15.299    0.006
  2452116.74843   15.297    0.006
  2452116.76053   15.305    0.007
  2452116.76929   15.303    0.006
  2452117.50194   15.324    0.006
  2452117.51109   15.319    0.006
  2452117.51985   15.309    0.006
  2452117.52862   15.311    0.006
  2452117.55998   15.298    0.006
  2452117.56873   15.304    0.006
  2452117.57749   15.299    0.006
  2452117.59566   15.301    0.006
  2452117.60442   15.299    0.006
  2452117.61644   15.306    0.006
  2452117.62522   15.306    0.006
  2452117.63399   15.298    0.006
  2452117.64275   15.300    0.006
  2452117.65153   15.289    0.006
  2452117.66029   15.297    0.006
  2452117.66950   15.304    0.007
  2452117.67825   15.298    0.006
  2452117.68706   15.298    0.006
  2452117.69581   15.300    0.006
  2452117.70453   15.304    0.006
  2452117.71490   15.300    0.006
  2452117.72365   15.304    0.006
  2452117.73244   15.299    0.006
  2452117.74120   15.305    0.006
  2452117.74990   15.295    0.006
  2452117.75864   15.292    0.006
  2452118.50079   15.302    0.006
  2452118.50957   15.307    0.006
  2452118.51835   15.295    0.006
  2452118.52710   15.303    0.006
  2452118.65886   15.297    0.006
  2452118.66761   15.295    0.006
  2452118.67639   15.301    0.006
  2452118.68515   15.295    0.006
  2452118.69389   15.309    0.006
  2452118.70378   15.307    0.006
  2452118.71282   15.312    0.006
  2452118.72156   15.312    0.006
  2452118.73033   15.312    0.006
  2452118.73915   15.316    0.006
  2452125.64444   15.289    0.007
  2452128.57483   15.303    0.006
  2452131.56969   15.306    0.006
  2452134.67355   15.292    0.007
  2452155.65016   15.306    0.008
  2452156.48926   15.298    0.006
  2452158.49758   15.299    0.006
  2452158.54059   15.305    0.006
  2452162.50709   15.300    0.006
  2452168.54179   15.301    0.007
  2452173.49982   15.292    0.007
  2452180.49846   15.302    0.006
  2452184.50305   15.311    0.007
  2452194.55717   15.300    0.007
  2452321.87593   15.305    0.007
  2452324.87803   15.303    0.007
  2452341.83451   15.312    0.007
  2452350.84760   15.310    0.006
  2452358.88707   15.301    0.007
  2452370.81535   15.319    0.007
  2452381.81073   15.290    0.006
  2452384.79319   15.300    0.007
  2452388.85311   15.298    0.006
  2452391.69565   15.301    0.008
  2452399.77684   15.288    0.006
  2452399.92776   15.309    0.006
  2452399.93076   15.306    0.006
  2452399.93365   15.297    0.006
  2452399.93660   15.300    0.006
  2452399.93974   15.296    0.007
  2452400.69352   15.301    0.007
  2452402.80844   15.304    0.006
  2452404.84541   15.294    0.006
  2452410.71813   15.299    0.004
  2452414.86438   15.295    0.006
  2452415.72643   15.302    0.007
  2452416.74862   15.303    0.007
  2452417.72417   15.303    0.007
  2452424.76653   15.295    0.006
  2452426.67781   15.298    0.006
  2452431.81215   15.296    0.004
  2452433.73934   15.298    0.007
  2452434.81238   15.284    0.006
  2452436.58511   15.307    0.007
  2452437.55430   15.301    0.008
  2452437.55744   15.302    0.008
  2452437.56050   15.286    0.008
  2452437.56312   15.296    0.008
  2452437.56574   15.293    0.008
  2452437.56835   15.304    0.008
  2452437.57098   15.300    0.008
  2452437.57362   15.302    0.008
  2452437.57670   15.281    0.007
  2452437.57934   15.303    0.007
  2452437.58196   15.316    0.008
  2452437.58458   15.294    0.008
  2452437.58718   15.304    0.008
  2452437.59571   15.302    0.008
  2452437.59832   15.297    0.008
  2452437.60095   15.308    0.007
  2452437.60357   15.307    0.007
  2452437.60618   15.301    0.008
  2452437.60880   15.303    0.008
  2452437.61873   15.292    0.007
  2452437.62848   15.299    0.007
  2452437.63754   15.310    0.007
  2452437.64761   15.299    0.007
  2452437.65661   15.301    0.007
  2452437.66659   15.298    0.007
  2452437.67545   15.300    0.008
  2452437.68846   15.307    0.008
  2452437.69751   15.298    0.007
  2452437.70639   15.287    0.007
  2452437.71759   15.310    0.007
  2452437.72671   15.301    0.007
  2452437.73579   15.298    0.007
  2452437.74531   15.297    0.007
  2452437.75749   15.300    0.007
  2452437.76634   15.295    0.007
  2452437.77511   15.301    0.007
  2452437.78391   15.299    0.007
  2452437.79318   15.298    0.007
  2452437.80198   15.293    0.007
  2452437.81079   15.298    0.007
  2452437.81961   15.290    0.007
  2452437.83385   15.290    0.007
  2452437.84311   15.293    0.007
  2452437.85638   15.287    0.007
  2452437.86531   15.291    0.007
  2452437.87444   15.302    0.008
  2452437.89072   15.285    0.008
  2452437.90277   15.294    0.008
  2452437.92338   15.300    0.008
  2452437.93559   15.295    0.010
  2452438.61729   15.308    0.006
  2452439.61425   15.305    0.006
  2452439.64705   15.295    0.006
  2452439.65316   15.292    0.006
  2452439.67545   15.303    0.006
  2452439.71185   15.308    0.006
  2452439.72999   15.304    0.006
  2452439.74557   15.296    0.006
  2452439.76107   15.303    0.006
  2452439.77542   15.297    0.006
  2452439.79468   15.298    0.006
  2452439.80498   15.307    0.006
  2452439.82101   15.304    0.006
  2452439.83329   15.302    0.006
  2452439.84904   15.301    0.007
  2452439.86112   15.301    0.006
  2452439.87114   15.311    0.007
  2452439.88953   15.308    0.007
  2452439.90543   15.309    0.007
  2452439.92386   15.301    0.007
  2452440.59852   15.303    0.007
  2452440.64529   15.305    0.006
  2452440.67410   15.300    0.006
  2452440.71253   15.299    0.006
  2452440.72815   15.300    0.006
  2452440.74608   15.300    0.006
  2452440.75814   15.302    0.006
  2452440.77410   15.295    0.006
  2452440.82826   15.303    0.007
  2452440.84056   15.307    0.007
  2452440.84939   15.306    0.007
  2452440.88179   15.293    0.007
  2452440.89139   15.297    0.007
  2452440.89825   15.288    0.007
  2452440.91082   15.310    0.008
  2452442.61611   15.298    0.006
  2452444.57469   15.307    0.007
  2452444.58280   15.301    0.007
  2452444.59123   15.299    0.006
  2452444.60539   15.303    0.007
  2452444.61617   15.300    0.007
  2452444.62427   15.292    0.006
  2452444.63471   15.304    0.007
  2452444.64278   15.295    0.007
  2452444.65085   15.296    0.007
  2452444.65894   15.303    0.007
  2452444.66810   15.294    0.007
  2452444.67619   15.294    0.007
  2452444.68427   15.302    0.007
  2452444.70044   15.302    0.007
  2452444.70874   15.314    0.007
  2452444.71583   15.313    0.007
  2452444.72388   15.315    0.007
  2452444.73060   15.312    0.007
  2452444.73892   15.316    0.007
  2452444.74495   15.310    0.007
  2452444.75321   15.310    0.007
  2452444.76037   15.311    0.007
  2452444.76585   15.307    0.007
  2452444.77166   15.303    0.007
  2452444.78036   15.287    0.007
  2452444.79173   15.289    0.007
  2452444.79979   15.304    0.007
  2452444.80784   15.294    0.007
  2452444.81769   15.289    0.007
  2452444.82572   15.297    0.007
  2452444.83377   15.294    0.007
  2452444.85002   15.303    0.007
  2452444.86082   15.300    0.007
  2452444.87164   15.299    0.007
  2452444.88398   15.308    0.007
  2452444.89478   15.299    0.008
  2452446.64653   15.298    0.007
  2452453.73962   15.294    0.007
  2452454.52766   15.302    0.007
  2452454.55153   15.300    0.006
  2452454.56050   15.296    0.006
  2452454.56946   15.295    0.006
  2452454.58016   15.287    0.006
  2452454.58901   15.297    0.006
  2452454.59788   15.296    0.006
  2452454.60682   15.293    0.006
  2452454.61927   15.287    0.006
  2452454.63361   15.314    0.006
  2452454.64263   15.295    0.006
  2452454.65158   15.302    0.006
  2452454.66204   15.307    0.006
  2452454.67117   15.301    0.006
  2452454.68003   15.302    0.006
  2452454.68976   15.305    0.006
  2452454.69951   15.297    0.006
  2452454.70831   15.298    0.006
  2452454.71899   15.298    0.006
  2452454.72789   15.302    0.006
  2452454.73683   15.305    0.006
  2452454.74756   15.309    0.006
  2452454.75642   15.297    0.006
  2452454.76527   15.289    0.006
  2452454.77405   15.295    0.006
  2452454.78763   15.306    0.006
  2452458.73688   15.305    0.007
  2452462.72567   15.299    0.006
  2452463.82277   15.305    0.006
  2452465.46804   15.294    0.008
  2452465.47702   15.301    0.007
  2452465.48621   15.300    0.007
  2452465.49519   15.309    0.007
  2452465.50422   15.305    0.007
  2452465.51321   15.304    0.007
  2452465.52328   15.298    0.007
  2452465.53353   15.294    0.007
  2452465.54247   15.294    0.007
  2452465.55150   15.305    0.006
  2452465.56049   15.296    0.006
  2452465.56943   15.300    0.006
  2452465.58392   15.303    0.006
  2452465.59298   15.302    0.006
  2452465.60220   15.304    0.006
  2452465.61124   15.298    0.006
  2452465.62159   15.301    0.006
  2452465.63121   15.302    0.006
  2452465.64094   15.299    0.006
  2452465.65093   15.297    0.006
  2452465.66020   15.297    0.006
  2452465.66910   15.292    0.006
  2452465.67898   15.307    0.006
  2452465.68792   15.298    0.006
  2452465.69697   15.298    0.006
  2452465.70599   15.294    0.006
  2452465.71516   15.304    0.006
  2452465.72441   15.293    0.006
  2452465.73340   15.300    0.006
  2452465.74366   15.308    0.006
  2452465.75259   15.303    0.006
  2452465.76854   15.296    0.007
  2452465.77752   15.300    0.007
  2452465.78893   15.302    0.007
  2452465.79779   15.306    0.007
  2452465.80665   15.307    0.007
  2452465.81575   15.308    0.007
  2452465.82552   15.307    0.007
  2452465.83450   15.296    0.007
  2452465.84545   15.300    0.008
  2452466.75276   15.293    0.007
  2452468.45903   15.294    0.011
  2452468.46778   15.311    0.007
  2452468.47755   15.291    0.007
  2452468.48821   15.298    0.006
  2452468.49703   15.300    0.006
  2452468.50704   15.300    0.006
  2452468.51629   15.308    0.006
  2452468.52620   15.295    0.006
  2452468.53520   15.307    0.006
  2452468.54491   15.298    0.006
  2452468.55375   15.297    0.006
  2452468.56267   15.298    0.006
  2452468.57153   15.311    0.006
  2452468.58249   15.297    0.006
  2452468.59148   15.304    0.006
  2452468.60056   15.298    0.006
  2452468.60949   15.294    0.006
  2452468.62033   15.303    0.006
  2452468.62912   15.291    0.006
  2452468.63801   15.295    0.006
  2452468.64867   15.299    0.006
  2452468.65802   15.305    0.006
  2452468.66797   15.310    0.006
  2452468.67782   15.306    0.006
  2452468.68670   15.300    0.006
  2452468.69554   15.299    0.006
  2452468.70433   15.307    0.006
  2452468.71433   15.299    0.006
  2452468.72347   15.297    0.006
  2452468.73419   15.296    0.006
  2452468.74299   15.302    0.006
  2452468.75270   15.304    0.006
  2452468.76160   15.312    0.006
  2452468.77057   15.301    0.006
  2452468.77948   15.309    0.006
  2452468.78949   15.299    0.007
  2452468.79858   15.293    0.006
  2452468.80783   15.295    0.006
  2452468.81823   15.300    0.007
  2452468.82704   15.302    0.007
  2452468.83594   15.295    0.007
  2452470.46813   15.294    0.007
  2452472.47234   15.291    0.006
  2452474.46843   15.307    0.007
  2452482.62514   15.299    0.007
  2452485.63512   15.302    0.007
  2452489.70596   15.299    0.006
  2452492.65064   15.299    0.006
  2452494.70501   15.305    0.006
  2452497.50757   15.292    0.007
  2452499.54335   15.306    0.006
  2452501.57111   15.306    0.006
  2452511.55130   15.295    0.007
  2452517.48432   15.312    0.008
  2452521.52055   15.295    0.006
  2452537.48108   15.294    0.007
  2452540.49766   15.316    0.007
  2452546.50825   15.295    0.007
  2452550.48952   15.301    0.007
  2452554.56141   15.300    0.007
  2452558.49794   15.307    0.007
  2452565.49080   15.301    0.010
  2452693.89508   15.299    0.006
  2452698.89301   15.295    0.006
  2452711.87605   15.290    0.006
  2452730.89673   15.301    0.006
  2452743.77314   15.293    0.006
  2452748.79167   15.299    0.007
  2452755.78159   15.302    0.006
  2452758.93298   15.296    0.008
  2452765.78972   15.303    0.006
  2452769.77432   15.307    0.004
  2452782.71288   15.295    0.007
  2452784.70184   15.306    0.006
  2452786.59189   15.304    0.008
  2452788.68920   15.307    0.006
  2452790.79429   15.312    0.006
  2452792.53122   15.311    0.008
  2452794.55734   15.292    0.008
  2452796.56624   15.300    0.006
  2452802.56461   15.296    0.008
  2452808.63366   15.302    0.007
  2452810.57192   15.310    0.007
  2452810.63534   15.299    0.006
  2452810.66493   15.294    0.006
  2452810.69467   15.301    0.007
  2452810.70696   15.302    0.007
  2452810.72318   15.315    0.006
  2452810.73549   15.321    0.006
  2452810.74845   15.308    0.006
  2452810.76275   15.311    0.006
  2452810.77423   15.302    0.006
  2452810.79275   15.299    0.006
  2452810.81026   15.307    0.006
  2452810.83773   15.305    0.006
  2452810.87029   15.293    0.007
