  2452072.60813   14.944    0.006
  2452072.61948   14.948    0.006
  2452072.62808   14.941    0.006
  2452072.63669   14.938    0.006
  2452072.65214   14.942    0.006
  2452072.66075   14.940    0.006
  2452072.66940   14.939    0.006
  2452072.67807   14.938    0.004
  2452072.68670   14.950    0.006
  2452072.69536   14.947    0.006
  2452072.70463   14.937    0.006
  2452072.72545   14.942    0.006
  2452072.73409   14.941    0.004
  2452072.74270   14.941    0.006
  2452072.75131   14.938    0.004
  2452072.75992   14.942    0.006
  2452072.76854   14.943    0.006
  2452072.77757   14.934    0.006
  2452072.78619   14.941    0.006
  2452072.79478   14.945    0.006
  2452072.80341   14.940    0.006
  2452072.81204   14.943    0.006
  2452072.82065   14.948    0.006
  2452072.83019   14.946    0.006
  2452072.83909   14.948    0.006
  2452072.84818   14.946    0.006
  2452072.85906   14.944    0.006
  2452072.86764   14.945    0.006
  2452072.87625   14.941    0.006
  2452072.89043   14.935    0.006
  2452072.89901   14.949    0.006
  2452072.90758   14.947    0.006
  2452073.59481   14.941    0.006
  2452073.60345   14.939    0.006
  2452073.61203   14.932    0.004
  2452073.62065   14.942    0.004
  2452073.62927   14.935    0.004
  2452073.63788   14.928    0.004
  2452073.64666   14.939    0.004
  2452073.65531   14.938    0.004
  2452073.66392   14.942    0.004
  2452073.67476   14.937    0.004
  2452073.68338   14.939    0.004
  2452073.69205   14.937    0.006
  2452073.70065   14.936    0.004
  2452073.70929   14.935    0.004
  2452073.71793   14.938    0.004
  2452073.72741   14.940    0.004
  2452073.73599   14.939    0.006
  2452073.74457   14.942    0.004
  2452073.75315   14.938    0.004
  2452073.76176   14.943    0.006
  2452073.77035   14.938    0.004
  2452073.78361   14.939    0.004
  2452073.79221   14.941    0.004
  2452073.82208   14.945    0.006
  2452073.83106   14.943    0.006
  2452073.84627   14.937    0.004
  2452073.85487   14.945    0.004
  2452073.86348   14.935    0.004
  2452073.87206   14.941    0.004
  2452073.88066   14.939    0.004
  2452073.89417   14.941    0.004
  2452073.90273   14.950    0.004
  2452073.91133   14.944    0.004
  2452074.57341   14.947    0.006
  2452074.58204   14.935    0.004
  2452074.59067   14.944    0.006
  2452074.59929   14.940    0.006
  2452074.60790   14.941    0.006
  2452074.61656   14.943    0.006
  2452074.62566   14.943    0.006
  2452074.63427   14.937    0.006
  2452074.64289   14.947    0.006
  2452074.65149   14.940    0.006
  2452074.66011   14.942    0.006
  2452074.67760   14.943    0.006
  2452074.69996   14.945    0.006
  2452074.70863   14.944    0.006
  2452074.71724   14.944    0.006
  2452074.72848   14.938    0.004
  2452074.73707   14.941    0.006
  2452074.76083   14.939    0.006
  2452074.78664   14.944    0.006
  2452074.79650   14.939    0.006
  2452074.80510   14.943    0.006
  2452074.81394   14.949    0.006
  2452074.82256   14.944    0.006
  2452074.83117   14.938    0.004
  2452074.83978   14.937    0.006
  2452074.84840   14.941    0.004
  2452074.85699   14.945    0.004
  2452074.86605   14.945    0.004
  2452074.87460   14.948    0.006
  2452074.88319   14.945    0.006
  2452074.89183   14.944    0.006
  2452074.90046   14.940    0.006
  2452074.90905   14.938    0.006
  2452075.60820   14.943    0.006
  2452075.61680   14.942    0.006
  2452075.62539   14.935    0.006
  2452075.63403   14.941    0.006
  2452075.64264   14.943    0.006
  2452075.67087   14.944    0.006
  2452075.67947   14.943    0.006
  2452075.68807   14.938    0.006
  2452075.69674   14.943    0.006
  2452075.70534   14.948    0.006
  2452075.71436   14.950    0.006
  2452075.72360   14.941    0.006
  2452075.73220   14.943    0.006
  2452075.74080   14.943    0.006
  2452075.76760   14.944    0.006
  2452075.77619   14.938    0.006
  2452075.78477   14.942    0.006
  2452075.79365   14.942    0.006
  2452075.80226   14.934    0.006
  2452075.81086   14.937    0.006
  2452075.81946   14.937    0.006
  2452075.82805   14.945    0.006
  2452075.84070   14.946    0.006
  2452075.84929   14.941    0.006
  2452075.85790   14.950    0.006
  2452075.86650   14.950    0.006
  2452075.87510   14.945    0.006
  2452075.88364   14.942    0.006
  2452075.89256   14.941    0.006
  2452076.68671   14.940    0.006
  2452076.69532   14.935    0.006
  2452076.70396   14.940    0.006
  2452076.71257   14.939    0.006
  2452076.72734   14.930    0.006
  2452076.73613   14.939    0.006
  2452076.74494   14.943    0.007
  2452076.75368   14.942    0.006
  2452076.76245   14.941    0.006
  2452076.77125   14.939    0.006
  2452076.78711   14.936    0.006
  2452076.79852   14.942    0.006
  2452076.81120   14.949    0.006
  2452076.82370   14.940    0.006
  2452076.83245   14.942    0.006
  2452076.84118   14.943    0.006
  2452076.84991   14.948    0.006
  2452076.85866   14.935    0.006
  2452076.86741   14.942    0.006
  2452076.87671   14.946    0.006
  2452076.88543   14.942    0.006
  2452077.58337   14.935    0.006
  2452077.60399   14.939    0.006
  2452077.61467   14.942    0.006
  2452077.62559   14.939    0.006
  2452077.63434   14.941    0.006
  2452077.64726   14.943    0.004
  2452077.65601   14.946    0.004
  2452077.66475   14.939    0.004
  2452077.67350   14.941    0.004
  2452077.68568   14.935    0.004
  2452077.69444   14.945    0.004
  2452077.70322   14.945    0.006
  2452077.71199   14.943    0.006
  2452077.72072   14.938    0.006
  2452077.72947   14.935    0.006
  2452077.73923   14.932    0.006
  2452077.74802   14.941    0.006
  2452077.75681   14.948    0.006
  2452077.76558   14.941    0.006
  2452077.77432   14.938    0.006
  2452077.78643   14.945    0.006
  2452077.79519   14.938    0.006
  2452077.80390   14.947    0.006
  2452077.81269   14.938    0.004
  2452077.82145   14.947    0.006
  2452077.83020   14.943    0.006
  2452077.83932   14.940    0.006
  2452077.84805   14.936    0.006
  2452077.85681   14.950    0.006
  2452077.86557   14.941    0.006
  2452077.87425   14.942    0.006
  2452077.88299   14.949    0.006
  2452077.89198   14.941    0.006
  2452077.90071   14.937    0.006
  2452078.58929   14.934    0.006
  2452078.59800   14.939    0.006
  2452078.60677   14.940    0.006
  2452078.61552   14.938    0.006
  2452078.62429   14.940    0.006
  2452078.63305   14.945    0.006
  2452078.65343   14.933    0.004
  2452078.66218   14.935    0.004
  2452078.67094   14.942    0.004
  2452078.67968   14.939    0.006
  2452078.68846   14.939    0.006
  2452078.69721   14.940    0.006
  2452078.70686   14.943    0.004
  2452078.71577   14.938    0.006
  2452078.72452   14.940    0.004
  2452078.73325   14.942    0.004
  2452078.74200   14.939    0.004
  2452078.75075   14.938    0.006
  2452078.76379   14.948    0.006
  2452078.78265   14.942    0.006
  2452078.79142   14.936    0.006
  2452078.80018   14.946    0.006
  2452078.80891   14.941    0.006
  2452078.83496   14.945    0.006
  2452078.84375   14.938    0.006
  2452078.85248   14.943    0.006
  2452078.86202   14.944    0.006
  2452078.87072   14.942    0.006
  2452078.87947   14.941    0.006
  2452078.88825   14.950    0.006
  2452079.61930   14.945    0.006
  2452079.62802   14.945    0.006
  2452079.63683   14.949    0.006
  2452079.64558   14.946    0.006
  2452079.65431   14.945    0.006
  2452079.66308   14.942    0.006
  2452079.67289   14.947    0.006
  2452079.68164   14.947    0.006
  2452079.69040   14.944    0.006
  2452079.69911   14.947    0.006
  2452079.70783   14.945    0.006
  2452079.71661   14.950    0.006
  2452079.73070   14.947    0.006
  2452079.73949   14.945    0.006
  2452079.74824   14.940    0.006
  2452079.76570   14.941    0.006
  2452079.77443   14.945    0.006
  2452079.79311   14.947    0.006
  2452079.80185   14.945    0.006
  2452079.81061   14.946    0.006
  2452079.82108   14.945    0.006
  2452080.55266   14.946    0.004
  2452080.56711   14.950    0.004
  2452080.57583   14.944    0.004
  2452080.58455   14.948    0.004
  2452080.59328   14.938    0.004
  2452080.60202   14.947    0.004
  2452080.61074   14.950    0.006
  2452080.62544   14.950    0.006
  2452080.63422   14.950    0.006
  2452080.64297   14.946    0.006
  2452080.67514   14.948    0.006
  2452080.69678   14.947    0.006
  2452080.70554   14.952    0.006
  2452080.71428   14.950    0.006
  2452080.74805   14.944    0.004
  2452080.76051   14.941    0.004
  2452080.77481   14.949    0.006
  2452080.80020   14.938    0.006
  2452080.81055   14.948    0.006
  2452080.81932   14.939    0.006
  2452080.82807   14.944    0.006
  2452080.83678   14.947    0.006
  2452080.84552   14.939    0.006
  2452080.85430   14.947    0.006
  2452081.56627   14.941    0.004
  2452081.57616   14.936    0.004
  2452081.58490   14.945    0.004
  2452081.59555   14.942    0.004
  2452081.61509   14.943    0.006
  2452081.65783   14.939    0.006
  2452081.69927   14.936    0.006
  2452081.70808   14.941    0.006
  2452081.71687   14.942    0.006
  2452081.73439   14.944    0.006
  2452081.74314   14.939    0.006
  2452081.75394   14.944    0.006
  2452081.76271   14.938    0.006
  2452081.77148   14.947    0.006
  2452081.78026   14.934    0.006
  2452081.79834   14.944    0.006
  2452081.80708   14.943    0.004
  2452081.81583   14.946    0.006
  2452081.82786   14.941    0.004
  2452081.83658   14.938    0.006
  2452081.86137   14.938    0.004
  2452081.87668   14.941    0.006
  2452082.64861   14.956    0.006
  2452082.68219   14.943    0.006
  2452082.69294   14.940    0.006
  2452082.70231   14.939    0.006
  2452082.71108   14.934    0.006
  2452082.72356   14.942    0.006
  2452082.73527   14.936    0.006
  2452082.74402   14.931    0.006
  2452082.75275   14.934    0.006
  2452082.76382   14.941    0.006
  2452082.78055   14.936    0.006
  2452082.78930   14.942    0.006
  2452082.79806   14.943    0.006
  2452082.80677   14.939    0.006
  2452082.81553   14.937    0.006
  2452082.82428   14.941    0.006
  2452082.83680   14.937    0.006
  2452082.84556   14.940    0.006
  2452082.86309   14.938    0.006
  2452082.87185   14.931    0.006
  2452082.88062   14.936    0.006
  2452085.62793   14.935    0.006
  2452085.63649   14.939    0.006
  2452085.64506   14.938    0.006
  2452085.65371   14.939    0.006
  2452085.66233   14.936    0.006
  2452085.67091   14.941    0.006
  2452085.68217   14.956    0.006
  2452085.69075   14.949    0.006
  2452085.69931   14.960    0.006
  2452085.70792   14.956    0.006
  2452085.71663   14.954    0.006
  2452085.72527   14.953    0.006
  2452085.73505   14.959    0.006
  2452085.74364   14.947    0.006
  2452085.75587   14.960    0.006
  2452085.78189   14.953    0.006
  2452085.79206   14.943    0.006
  2452085.80064   14.940    0.006
  2452085.82309   14.943    0.006
  2452085.83168   14.939    0.006
  2452085.84027   14.944    0.006
  2452085.84886   14.941    0.006
  2452085.85747   14.939    0.006
  2452086.55194   14.933    0.004
  2452086.56053   14.940    0.004
  2452086.56914   14.939    0.004
  2452086.58887   14.944    0.006
  2452086.59750   14.944    0.006
  2452086.60610   14.934    0.004
  2452086.62541   14.934    0.004
  2452086.63403   14.933    0.004
  2452086.64261   14.938    0.004
  2452086.65121   14.938    0.004
  2452086.65980   14.933    0.004
  2452086.66842   14.941    0.004
  2452086.68017   14.943    0.004
  2452086.68873   14.937    0.004
  2452086.69729   14.944    0.004
  2452086.70590   14.942    0.004
  2452086.71455   14.935    0.006
  2452086.72797   14.934    0.006
  2452086.73664   14.938    0.006
  2452086.74527   14.939    0.006
  2452086.75386   14.937    0.006
  2452086.76246   14.938    0.006
  2452086.77577   14.942    0.006
  2452086.78437   14.945    0.006
  2452086.80541   14.938    0.006
  2452086.81399   14.933    0.006
  2452086.82259   14.942    0.006
  2452086.83504   14.944    0.006
  2452086.84367   14.940    0.006
  2452086.85228   14.937    0.006
  2452086.86091   14.931    0.006
  2452087.55752   14.941    0.004
  2452087.59914   14.946    0.004
  2452087.60787   14.941    0.004
  2452087.61660   14.948    0.004
  2452087.62535   14.941    0.004
  2452087.63409   14.943    0.004
  2452087.64284   14.946    0.004
  2452087.65180   14.950    0.004
  2452087.66056   14.945    0.004
  2452087.67263   14.943    0.004
  2452087.68138   14.944    0.004
  2452087.69076   14.941    0.004
  2452087.70821   14.941    0.004
  2452087.71697   14.941    0.004
  2452087.72575   14.942    0.004
  2452087.73454   14.943    0.004
  2452087.74334   14.943    0.004
  2452087.75209   14.942    0.004
  2452087.76256   14.943    0.004
  2452087.77131   14.946    0.004
  2452087.78006   14.939    0.004
  2452087.78881   14.947    0.004
  2452087.79755   14.951    0.004
  2452087.80630   14.945    0.004
  2452087.81553   14.947    0.004
  2452087.82429   14.947    0.004
  2452087.83300   14.941    0.004
  2452087.84176   14.945    0.004
  2452087.85055   14.941    0.004
  2452087.85925   14.933    0.004
  2452088.55489   14.950    0.006
  2452088.56685   14.941    0.006
  2452088.57556   14.947    0.006
  2452088.58433   14.948    0.006
  2452088.59312   14.947    0.006
  2452088.60207   14.951    0.006
  2452088.61082   14.950    0.006
  2452088.61961   14.942    0.006
  2452088.62839   14.951    0.006
  2452088.63867   14.945    0.006
  2452088.64745   14.950    0.006
  2452088.65624   14.950    0.006
  2452088.66500   14.941    0.006
  2452088.67619   14.943    0.006
  2452088.68549   14.946    0.006
  2452088.69419   14.950    0.006
  2452088.70292   14.949    0.006
  2452088.71168   14.951    0.006
  2452088.73565   14.945    0.006
  2452088.74439   14.946    0.006
  2452088.75314   14.950    0.006
  2452088.76188   14.949    0.006
  2452088.77373   14.946    0.006
  2452088.78249   14.956    0.006
  2452088.79130   14.957    0.006
  2452088.80006   14.960    0.006
  2452088.80886   14.957    0.006
  2452088.81760   14.960    0.006
  2452088.82677   14.957    0.006
  2452088.83550   14.957    0.006
  2452088.84428   14.963    0.006
  2452089.60741   14.946    0.006
  2452089.61615   14.948    0.004
  2452089.62486   14.940    0.004
  2452089.63361   14.941    0.004
  2452089.64236   14.943    0.006
  2452089.65153   14.939    0.004
  2452089.66021   14.943    0.004
  2452090.63951   14.941    0.006
  2452090.64831   14.944    0.006
  2452090.65825   14.934    0.006
  2452090.66702   14.940    0.006
  2452090.67577   14.941    0.006
  2452090.68468   14.934    0.006
  2452090.70421   14.940    0.006
  2452090.71295   14.941    0.006
  2452090.72169   14.941    0.006
  2452090.73040   14.940    0.006
  2452090.73913   14.941    0.006
  2452090.74788   14.935    0.006
  2452090.75745   14.945    0.006
  2452090.76620   14.933    0.006
  2452090.77493   14.947    0.006
  2452090.78369   14.935    0.006
  2452090.79246   14.941    0.006
  2452090.80127   14.941    0.006
  2452090.81334   14.939    0.006
  2452090.82207   14.941    0.006
  2452090.83642   14.937    0.006
  2452091.58381   14.936    0.006
  2452091.59258   14.939    0.006
  2452091.60137   14.940    0.004
  2452091.61206   14.941    0.006
  2452091.62820   14.942    0.004
  2452091.64867   14.942    0.004
  2452091.65933   14.940    0.004
  2452091.66805   14.947    0.004
  2452091.67740   14.944    0.004
  2452091.68618   14.950    0.006
  2452091.69495   14.949    0.006
  2452091.70370   14.943    0.006
  2452091.71271   14.942    0.006
  2452091.72142   14.941    0.006
  2452091.73016   14.947    0.006
  2452091.73891   14.943    0.004
  2452091.74769   14.946    0.004
  2452091.75881   14.944    0.006
  2452091.77170   14.935    0.004
  2452091.78046   14.937    0.006
  2452091.78922   14.944    0.004
  2452091.79798   14.940    0.004
  2452091.80675   14.941    0.004
  2452091.81552   14.940    0.004
  2452091.82443   14.939    0.006
  2452091.83367   14.937    0.006
  2452091.84243   14.943    0.006
  2452091.85120   14.931    0.004
  2452091.85993   14.943    0.006
  2452091.86863   14.940    0.006
  2452092.64121   14.935    0.006
  2452092.64999   14.942    0.004
  2452092.65880   14.942    0.006
  2452092.67034   14.933    0.004
  2452092.67910   14.938    0.006
  2452092.68785   14.937    0.006
  2452092.69665   14.943    0.006
  2452092.70541   14.937    0.006
  2452092.71418   14.943    0.006
  2452092.72946   14.944    0.006
  2452092.73822   14.938    0.006
  2452092.74882   14.944    0.006
  2452092.75754   14.942    0.006
  2452092.76628   14.936    0.006
  2452092.77503   14.951    0.006
  2452092.78379   14.934    0.006
  2452092.79427   14.940    0.006
  2452092.80305   14.944    0.006
  2452092.81177   14.940    0.006
  2452101.54876   14.931    0.006
  2452101.55749   14.943    0.006
  2452101.56621   14.942    0.006
  2452101.57498   14.941    0.004
  2452101.58369   14.934    0.006
  2452101.59244   14.936    0.006
  2452101.60700   14.938    0.006
  2452101.61575   14.935    0.006
  2452101.62456   14.934    0.004
  2452101.63331   14.936    0.006
  2452101.64202   14.934    0.006
  2452101.65141   14.935    0.006
  2452101.66040   14.940    0.006
  2452101.66914   14.939    0.006
  2452101.67790   14.941    0.006
  2452101.68664   14.937    0.006
  2452101.69539   14.939    0.006
  2452101.70412   14.937    0.006
  2452101.72132   14.936    0.006
  2452101.73008   14.934    0.006
  2452101.75527   14.935    0.006
  2452101.76399   14.940    0.004
  2452101.78151   14.939    0.004
  2452102.53314   14.945    0.004
  2452102.54191   14.940    0.004
  2452102.55249   14.943    0.004
  2452102.56123   14.942    0.004
  2452102.57699   14.943    0.004
  2452102.58575   14.944    0.004
  2452102.59451   14.934    0.004
  2452102.60327   14.943    0.006
  2452102.61202   14.942    0.004
  2452102.62080   14.940    0.004
  2452102.63011   14.940    0.004
  2452102.63888   14.935    0.004
  2452102.64826   14.939    0.004
  2452103.49708   14.936    0.006
  2452103.50580   14.946    0.006
  2452103.51625   14.944    0.004
  2452103.52502   14.939    0.004
  2452103.53378   14.939    0.006
  2452103.54249   14.949    0.004
  2452103.55125   14.946    0.004
  2452103.55995   14.947    0.004
  2452103.57185   14.946    0.004
  2452103.58063   14.950    0.004
  2452103.58938   14.948    0.004
  2452103.59815   14.950    0.004
  2452103.60757   14.946    0.004
  2452103.61633   14.947    0.004
  2452103.62509   14.949    0.004
  2452103.63382   14.950    0.004
  2452103.64312   14.949    0.004
  2452103.65186   14.952    0.004
  2452103.66175   14.946    0.004
  2452103.67058   14.947    0.004
  2452103.67931   14.945    0.004
  2452103.72031   14.950    0.006
  2452103.72909   14.949    0.006
  2452103.74662   14.936    0.006
  2452103.75538   14.949    0.006
  2452103.76410   14.952    0.006
  2452103.77285   14.944    0.004
  2452103.78160   14.946    0.004
  2452103.79033   14.947    0.004
  2452105.50333   14.940    0.006
  2452105.51593   14.938    0.006
  2452105.52609   14.945    0.006
  2452105.53482   14.944    0.006
  2452105.54357   14.950    0.006
  2452105.55229   14.939    0.006
  2452105.56351   14.938    0.006
  2452105.57223   14.945    0.004
  2452105.58100   14.939    0.004
  2452105.58972   14.944    0.004
  2452105.59922   14.948    0.004
  2452105.61765   14.939    0.004
  2452105.62948   14.941    0.004
  2452105.64029   14.942    0.004
  2452105.64905   14.943    0.004
  2452105.66159   14.941    0.004
  2452105.67033   14.945    0.004
  2452105.67909   14.944    0.004
  2452105.68783   14.941    0.004
  2452105.69659   14.937    0.004
  2452105.70535   14.941    0.004
  2452105.71153   14.940    0.004
  2452105.72177   14.944    0.004
  2452105.73048   14.943    0.004
  2452105.73920   14.939    0.006
  2452105.74797   14.944    0.004
  2452105.75671   14.940    0.006
  2452105.76546   14.937    0.006
  2452105.77462   14.936    0.006
  2452105.78336   14.943    0.006
  2452105.79210   14.943    0.006
  2452105.80093   14.944    0.006
  2452106.60210   14.946    0.006
  2452106.61137   14.946    0.006
  2452106.62888   14.942    0.006
  2452106.63841   14.936    0.006
  2452106.64716   14.937    0.006
  2452106.65593   14.935    0.006
  2452106.66499   14.942    0.006
  2452106.67377   14.938    0.006
  2452106.68251   14.934    0.006
  2452106.69122   14.937    0.006
  2452106.69994   14.942    0.006
  2452106.72413   14.932    0.004
  2452106.73287   14.938    0.004
  2452106.74164   14.939    0.006
  2452106.75036   14.940    0.006
  2452106.75910   14.937    0.006
  2452111.50915   14.945    0.006
  2452111.51790   14.941    0.006
  2452111.52667   14.941    0.006
  2452111.53544   14.942    0.006
  2452111.54418   14.941    0.006
  2452111.55298   14.938    0.006
  2452111.56217   14.942    0.006
  2452111.57097   14.944    0.006
  2452111.57973   14.934    0.006
  2452111.58846   14.941    0.006
  2452111.59724   14.940    0.006
  2452111.60596   14.939    0.006
  2452111.61509   14.938    0.006
  2452111.62443   14.950    0.006
  2452111.63321   14.938    0.007
  2452111.64197   14.944    0.006
  2452111.65073   14.941    0.006
  2452111.65948   14.946    0.006
  2452111.66868   14.941    0.006
  2452111.67742   14.939    0.006
  2452111.68618   14.938    0.006
  2452111.69492   14.941    0.006
  2452111.70366   14.945    0.006
  2452111.71241   14.938    0.006
  2452111.72175   14.940    0.006
  2452111.73047   14.945    0.006
  2452111.73918   14.947    0.006
  2452112.50173   14.943    0.006
  2452112.51136   14.945    0.006
  2452112.52438   14.946    0.006
  2452112.53313   14.943    0.006
  2452112.55267   14.943    0.006
  2452112.56142   14.949    0.006
  2452112.57572   14.944    0.006
  2452112.58446   14.946    0.006
  2452112.59775   14.942    0.004
  2452112.60654   14.942    0.004
  2452112.61530   14.942    0.004
  2452112.62402   14.949    0.004
  2452112.63277   14.948    0.004
  2452112.64162   14.947    0.004
  2452112.66347   14.939    0.004
  2452112.67221   14.943    0.004
  2452112.68098   14.939    0.004
  2452112.68971   14.948    0.004
  2452112.69848   14.947    0.004
  2452112.70884   14.943    0.006
  2452112.71761   14.947    0.006
  2452112.72635   14.941    0.004
  2452112.73517   14.947    0.004
  2452112.74391   14.946    0.004
  2452112.75331   14.944    0.004
  2452113.51288   14.940    0.006
  2452113.52163   14.934    0.006
  2452113.53041   14.946    0.006
  2452113.53970   14.945    0.006
  2452113.54846   14.944    0.006
  2452113.55721   14.945    0.006
  2452113.56594   14.945    0.006
  2452113.57465   14.943    0.006
  2452113.58339   14.950    0.006
  2452113.59266   14.955    0.006
  2452113.60142   14.959    0.006
  2452113.61015   14.956    0.006
  2452113.61922   14.962    0.006
  2452113.62797   14.959    0.006
  2452113.63667   14.954    0.006
  2452113.64622   14.955    0.006
  2452113.65499   14.965    0.006
  2452113.71240   14.932    0.006
  2452113.72115   14.935    0.006
  2452113.72989   14.939    0.006
  2452113.73865   14.941    0.006
  2452113.74740   14.936    0.006
  2452113.75611   14.937    0.006
  2452113.76535   14.931    0.006
  2452113.77410   14.940    0.006
  2452114.69080   14.945    0.006
  2452114.69958   14.941    0.006
  2452114.70833   14.939    0.006
  2452114.71713   14.939    0.006
  2452114.72784   14.936    0.006
  2452114.73760   14.934    0.006
  2452114.74631   14.941    0.006
  2452114.75729   14.953    0.006
  2452114.76608   14.937    0.006
  2452114.77488   14.937    0.006
  2452114.79498   14.936    0.006
  2452115.55031   14.937    0.006
  2452115.55907   14.942    0.006
  2452115.56942   14.940    0.006
  2452115.58381   14.941    0.006
  2452115.59258   14.941    0.006
  2452115.60130   14.940    0.006
  2452115.61524   14.942    0.006
  2452115.62395   14.934    0.006
  2452115.63275   14.945    0.006
  2452115.64159   14.939    0.006
  2452115.65312   14.940    0.006
  2452115.66184   14.941    0.006
  2452115.67062   14.939    0.006
  2452115.67933   14.938    0.006
  2452115.68808   14.939    0.006
  2452115.69685   14.934    0.006
  2452115.73080   14.940    0.006
  2452115.74234   14.930    0.006
  2452116.50651   14.937    0.006
  2452116.51528   14.939    0.006
  2452116.52405   14.937    0.007
  2452116.55956   14.932    0.006
  2452116.56831   14.935    0.006
  2452116.57765   14.938    0.007
  2452116.58642   14.936    0.006
  2452116.59806   14.937    0.006
  2452116.60740   14.941    0.006
  2452116.61613   14.936    0.006
  2452116.62494   14.937    0.006
  2452116.63370   14.940    0.006
  2452116.65382   14.939    0.006
  2452116.66253   14.935    0.006
  2452116.67131   14.938    0.006
  2452116.68007   14.938    0.006
  2452116.68882   14.945    0.006
  2452116.69755   14.951    0.006
  2452116.70751   14.946    0.006
  2452116.71627   14.956    0.006
  2452116.73380   14.951    0.006
  2452116.74253   14.959    0.006
  2452116.75461   14.957    0.006
  2452116.76340   14.961    0.006
  2452117.48725   14.942    0.006
  2452117.49606   14.939    0.006
  2452117.50525   14.941    0.004
  2452117.51396   14.938    0.004
  2452117.52271   14.942    0.004
  2452117.55409   14.948    0.006
  2452117.56282   14.945    0.006
  2452117.57157   14.941    0.006
  2452117.58101   14.947    0.006
  2452117.58977   14.940    0.006
  2452117.59852   14.936    0.006
  2452117.61055   14.942    0.004
  2452117.61931   14.945    0.004
  2452117.62807   14.943    0.004
  2452117.63688   14.940    0.004
  2452117.64561   14.943    0.006
  2452117.65439   14.948    0.006
  2452117.66355   14.942    0.006
  2452117.67237   14.940    0.006
  2452117.68112   14.942    0.006
  2452117.68991   14.937    0.006
  2452117.69867   14.945    0.006
  2452117.70902   14.943    0.006
  2452117.71777   14.942    0.006
  2452117.72652   14.939    0.006
  2452117.73529   14.947    0.006
  2452117.74403   14.945    0.006
  2452117.75272   14.945    0.006
  2452118.49489   14.938    0.006
  2452118.50365   14.938    0.004
  2452118.51242   14.943    0.006
  2452118.52121   14.941    0.004
  2452118.64024   14.937    0.004
  2452118.65295   14.945    0.004
  2452118.66171   14.938    0.004
  2452118.67049   14.938    0.006
  2452118.67924   14.943    0.006
  2452118.68799   14.941    0.006
  2452118.69675   14.945    0.006
  2452118.70692   14.937    0.004
  2452118.71565   14.948    0.006
  2452118.72441   14.942    0.006
  2452118.73321   14.949    0.004
  2452125.63682   14.941    0.006
  2452128.56705   14.945    0.004
  2452131.56377   14.942    0.004
  2452134.66675   14.949    0.006
  2452138.54419   14.945    0.006
  2452143.51767   14.943    0.006
  2452155.64420   14.945    0.007
  2452156.48328   14.939    0.006
  2452158.49164   14.942    0.004
  2452158.53461   14.936    0.004
  2452162.50112   14.945    0.006
  2452168.53590   14.950    0.006
  2452173.49387   14.944    0.006
  2452184.49712   14.944    0.007
  2452194.55176   14.952    0.006
  2452321.87019   14.938    0.006
  2452324.87230   14.936    0.006
  2452341.82879   14.944    0.006
  2452350.84190   14.947    0.006
  2452358.88135   14.942    0.006
  2452370.80960   14.945    0.006
  2452381.80499   14.943    0.006
  2452384.78749   14.943    0.006
  2452388.84731   14.944    0.006
  2452391.68985   14.943    0.007
  2452400.68770   14.953    0.006
  2452402.80267   14.946    0.006
  2452404.83958   14.947    0.006
  2452410.71128   14.955    0.003
  2452414.60114   14.938    0.007
  2452414.61026   14.937    0.007
  2452414.61966   14.936    0.006
  2452414.63051   14.934    0.007
  2452414.64075   14.931    0.007
  2452414.64989   14.938    0.007
  2452414.65895   14.934    0.007
  2452414.66939   14.941    0.007
  2452414.67833   14.937    0.006
  2452414.68729   14.937    0.006
  2452414.69635   14.934    0.006
  2452414.70973   14.939    0.006
  2452414.72089   14.939    0.006
  2452414.73163   14.940    0.006
  2452414.74051   14.931    0.006
  2452414.74957   14.935    0.006
  2452414.75861   14.938    0.006
  2452414.76761   14.940    0.006
  2452414.77468   14.936    0.006
  2452414.78359   14.941    0.006
  2452414.79318   14.944    0.006
  2452414.80206   14.936    0.006
  2452414.81130   14.939    0.006
  2452414.82196   14.942    0.006
  2452414.83112   14.935    0.006
  2452414.84152   14.932    0.006
  2452414.85062   14.935    0.006
  2452414.85854   14.938    0.006
  2452414.86843   14.945    0.006
  2452414.87750   14.939    0.006
  2452414.88637   14.940    0.006
  2452414.89911   14.940    0.006
  2452414.91050   14.932    0.006
  2452414.91938   14.946    0.007
  2452414.92833   14.943    0.007
  2452414.93245   14.932    0.006
  2452414.93571   14.935    0.006
  2452414.93936   14.935    0.007
  2452415.72058   14.940    0.006
  2452416.74275   14.947    0.006
  2452417.59416   14.957    0.007
  2452417.60858   14.953    0.007
  2452417.61864   14.961    0.007
  2452417.62881   14.942    0.007
  2452417.63944   14.946    0.007
  2452417.64895   14.949    0.006
  2452417.65788   14.947    0.006
  2452417.66801   14.951    0.006
  2452417.67719   14.946    0.006
  2452417.68690   14.941    0.006
  2452417.69591   14.957    0.006
  2452417.70656   14.953    0.006
  2452417.71834   14.947    0.006
  2452417.72735   14.952    0.006
  2452417.73632   14.948    0.006
  2452417.74846   14.946    0.006
  2452417.75736   14.946    0.006
  2452417.76685   14.939    0.006
  2452417.77609   14.940    0.006
  2452417.78508   14.943    0.006
  2452417.79456   14.948    0.006
  2452417.80393   14.946    0.006
  2452417.81463   14.949    0.006
  2452417.82346   14.946    0.006
  2452417.83232   14.943    0.006
  2452417.84120   14.948    0.006
  2452417.85268   14.945    0.006
  2452417.86163   14.940    0.006
  2452417.87075   14.942    0.006
  2452417.88301   14.941    0.006
  2452417.89203   14.946    0.006
  2452417.90956   14.947    0.007
  2452417.91857   14.940    0.006
  2452417.92197   14.946    0.007
  2452424.76068   14.950    0.007
  2452426.57757   14.940    0.006
  2452426.59343   14.944    0.006
  2452426.60264   14.947    0.006
  2452426.61593   14.941    0.006
  2452426.62504   14.941    0.006
  2452426.63397   14.950    0.006
  2452426.64427   14.947    0.006
  2452426.65339   14.943    0.006
  2452426.66260   14.943    0.006
  2452426.67194   14.946    0.006
  2452426.68175   14.948    0.006
  2452426.69063   14.947    0.006
  2452426.70066   14.944    0.006
  2452426.71069   14.941    0.006
  2452426.71985   14.939    0.004
  2452426.72898   14.935    0.004
  2452426.73797   14.945    0.004
  2452431.80628   14.943    0.004
  2452433.73344   14.943    0.006
  2452434.80649   14.938    0.006
  2452436.57924   14.948    0.006
  2452438.61141   14.944    0.006
  2452440.59264   14.939    0.006
  2452442.61073   14.944    0.006
  2452444.70336   14.940    0.006
  2452446.63790   14.942    0.006
  2452448.52439   14.954    0.008
  2452448.54209   14.960    0.007
  2452448.55101   14.960    0.008
  2452448.55993   14.957    0.007
  2452448.57055   14.953    0.008
  2452448.57749   14.964    0.008
  2452448.58634   14.957    0.007
  2452448.60443   14.951    0.008
  2452448.62353   14.949    0.008
  2452448.63245   14.950    0.008
  2452448.65030   14.943    0.008
  2452448.66042   14.935    0.006
  2452448.66940   14.939    0.006
  2452448.67825   14.932    0.007
  2452448.68709   14.935    0.007
  2452448.69719   14.928    0.006
  2452448.70601   14.940    0.008
  2452448.73551   14.941    0.008
  2452453.73371   14.937    0.006
  2452454.52468   14.930    0.006
  2452454.54857   14.943    0.006
  2452454.55753   14.943    0.006
  2452454.56649   14.938    0.006
  2452454.57719   14.940    0.006
  2452454.58607   14.940    0.004
  2452454.59489   14.942    0.006
  2452454.60383   14.933    0.004
  2452454.61282   14.936    0.006
  2452454.63062   14.938    0.004
  2452454.63966   14.938    0.004
  2452454.64861   14.933    0.004
  2452454.65908   14.939    0.004
  2452454.66821   14.939    0.004
  2452454.67707   14.939    0.004
  2452454.68680   14.938    0.004
  2452454.69653   14.946    0.004
  2452454.70534   14.941    0.006
  2452454.71600   14.941    0.004
  2452454.72492   14.954    0.004
  2452454.73382   14.946    0.004
  2452454.74292   14.951    0.004
  2452454.75346   14.959    0.004
  2452454.76228   14.958    0.004
  2452454.77109   14.956    0.006
  2452458.73095   14.937    0.006
  2452462.71975   14.938    0.006
  2452463.81682   14.947    0.006
  2452465.46506   14.951    0.007
  2452465.47403   14.950    0.006
  2452465.48323   14.945    0.006
  2452465.49219   14.947    0.006
  2452465.50123   14.946    0.006
  2452465.52029   14.947    0.006
  2452465.52943   14.944    0.006
  2452465.53950   14.946    0.006
  2452465.54849   14.949    0.006
  2452465.55750   14.949    0.006
  2452465.56646   14.945    0.006
  2452465.58092   14.946    0.006
  2452465.58996   14.946    0.006
  2452465.60827   14.945    0.006
  2452465.61861   14.946    0.006
  2452465.62822   14.940    0.006
  2452465.63796   14.944    0.006
  2452465.64795   14.942    0.006
  2452465.65723   14.948    0.006
  2452465.66613   14.949    0.006
  2452465.67597   14.948    0.006
  2452465.68492   14.944    0.006
  2452465.69394   14.945    0.006
  2452465.70298   14.943    0.006
  2452465.71217   14.948    0.006
  2452465.72139   14.939    0.006
  2452465.73042   14.947    0.006
  2452465.74066   14.939    0.006
  2452465.74963   14.946    0.006
  2452465.75867   14.943    0.006
  2452465.76553   14.948    0.006
  2452465.77452   14.943    0.006
  2452465.78593   14.946    0.006
  2452465.79477   14.948    0.006
  2452465.80367   14.944    0.006
  2452465.81278   14.950    0.006
  2452465.82251   14.946    0.006
  2452465.83147   14.951    0.006
  2452465.84248   14.937    0.006
  2452466.74680   14.939    0.006
  2452468.46189   14.943    0.007
  2452470.46218   14.946    0.007
  2452470.47159   14.934    0.006
  2452470.49118   14.943    0.007
  2452470.50450   14.940    0.006
  2452470.51117   14.942    0.006
  2452470.52037   14.947    0.006
  2452470.53036   14.943    0.006
  2452470.53943   14.943    0.006
  2452470.54885   14.945    0.006
  2452470.55772   14.947    0.006
  2452470.57682   14.952    0.006
  2452470.58566   14.944    0.006
  2452470.59471   14.942    0.006
  2452470.60381   14.941    0.006
  2452470.61281   14.944    0.006
  2452470.62319   14.943    0.006
  2452470.63210   14.946    0.006
  2452470.64490   14.937    0.006
  2452470.66016   14.941    0.006
  2452470.66917   14.935    0.006
  2452470.67802   14.941    0.006
  2452470.68699   14.936    0.006
  2452470.69891   14.945    0.006
  2452470.70799   14.939    0.006
  2452470.71789   14.940    0.006
  2452470.72671   14.946    0.006
  2452470.73628   14.942    0.006
  2452470.74526   14.939    0.006
  2452470.75439   14.940    0.006
  2452470.76331   14.942    0.006
  2452470.77287   14.939    0.006
  2452470.78205   14.943    0.006
  2452470.79136   14.944    0.006
  2452470.80406   14.939    0.006
  2452470.81323   14.938    0.006
  2452470.82245   14.944    0.007
  2452474.46247   14.948    0.006
  2452474.47380   14.949    0.006
  2452474.48269   14.930    0.007
  2452474.61134   14.946    0.006
  2452474.62067   14.940    0.006
  2452474.62972   14.942    0.006
  2452474.63908   14.943    0.006
  2452474.64919   14.944    0.006
  2452474.65834   14.944    0.006
  2452474.66747   14.943    0.006
  2452474.67784   14.944    0.006
  2452474.68692   14.941    0.006
  2452474.69752   14.941    0.006
  2452474.70637   14.948    0.006
  2452482.61915   14.948    0.006
  2452485.62915   14.939    0.006
  2452489.70001   14.935    0.004
  2452492.64469   14.946    0.006
  2452494.69903   14.939    0.004
  2452497.50157   14.942    0.006
  2452499.53738   14.941    0.006
  2452501.56513   14.938    0.006
  2452511.54530   14.940    0.006
  2452521.51374   14.936    0.006
  2452526.54389   14.945    0.006
  2452537.47505   14.938    0.007
  2452540.49166   14.947    0.007
  2452546.50226   14.940    0.006
  2452550.48040   14.944    0.007
  2452554.55539   14.935    0.006
  2452558.49192   14.944    0.007
  2452565.48480   14.945    0.008
  2452693.88926   14.948    0.006
  2452698.88723   14.949    0.006
  2452711.87027   14.942    0.006
  2452721.77936   14.950    0.007
  2452721.83541   14.953    0.008
  2452721.84737   14.944    0.008
  2452721.86303   14.946    0.008
  2452721.87771   14.940    0.008
  2452721.90102   14.948    0.007
  2452721.91165   14.948    0.007
  2452721.92050   14.943    0.008
  2452730.89105   14.940    0.006
  2452743.76745   14.950    0.006
  2452748.78598   14.954    0.006
  2452755.77588   14.950    0.006
  2452758.92729   14.952    0.006
  2452782.70485   14.953    0.006
  2452784.69609   14.949    0.006
  2452786.58164   14.964    0.007
  2452788.68346   14.949    0.006
  2452790.78856   14.948    0.006
  2452792.52422   14.946    0.007
  2452794.55196   14.945    0.007
  2452796.56046   14.946    0.006
  2452802.55533   14.936    0.007
  2452808.62355   14.954    0.006
  2452810.56612   14.946    0.006
  2452812.56799   14.954    0.006
  2452813.81172   14.948    0.006
  2452815.59032   14.945    0.006
  2452816.65576   14.952    0.006
  2452817.77043   14.952    0.006
  2452818.66527   14.943    0.006
  2452819.75935   14.938    0.006
  2452821.65763   14.954    0.006
  2452826.64829   14.951    0.004
  2452830.77849   14.943    0.006
  2452835.47491   14.945    0.007
  2452837.49370   14.936    0.006
  2452838.72418   14.943    0.006
  2452840.49577   14.940    0.006
  2452842.53224   14.956    0.006
  2452844.60836   14.940    0.006
  2452848.53607   14.937    0.007
  2452851.53080   14.947    0.006
  2452853.52865   14.947    0.006
  2452853.54060   14.946    0.006
  2452853.57767   14.939    0.006
  2452854.47799   14.945    0.006
  2452854.49041   14.947    0.006
  2452854.51895   14.930    0.006
  2452854.53985   14.948    0.006
  2452854.56145   14.942    0.006
  2452854.58118   14.944    0.006
  2452854.61779   14.947    0.007
  2452854.63296   14.942    0.006
  2452854.64531   14.948    0.006
  2452854.66402   14.944    0.006
  2452854.68446   14.945    0.006
  2452854.70532   14.941    0.007
  2452854.72477   14.944    0.007
  2452854.73730   14.938    0.007
  2452854.75157   14.946    0.007
  2452854.78219   14.954    0.007
  2452855.52631   14.949    0.007
  2452855.54818   14.944    0.006
  2452855.57011   14.940    0.006
  2452855.60741   14.941    0.007
  2452855.65903   14.944    0.007
  2452856.49445   14.941    0.006
  2452856.58183   14.939    0.006
  2452856.66539   14.941    0.006
  2452856.73031   14.948    0.008
  2452857.48826   14.940    0.006
  2452857.71452   14.935    0.006
  2452858.46566   14.948    0.007
  2452862.49084   14.935    0.007
  2452864.49781   14.940    0.007
  2452865.55629   14.946    0.006
  2452865.58847   14.948    0.006
  2452866.64757   14.947    0.006
  2452867.65300   14.951    0.006
  2452868.51132   14.955    0.006
  2452869.58563   14.938    0.006
  2452871.47390   14.944    0.006
  2452875.61249   14.955    0.007
  2452877.64804   14.941    0.006
  2452879.55036   14.946    0.006
  2452884.47335   14.955    0.007
  2452892.50218   14.950    0.007
  2452896.57802   14.944    0.006
  2452899.60146   14.946    0.004
  2452905.54135   14.951    0.007
  2452909.51216   14.955    0.006
  2452912.53477   14.941    0.006
  2452921.59534   14.944    0.007
  2452926.56257   14.951    0.006
  2453040.88078   14.956    0.006
  2453044.85536   14.951    0.007
  2453046.86528   14.939    0.006
  2453047.85403   14.935    0.006
  2453055.87169   14.932    0.006
  2453058.88993   14.928    0.006
  2453064.81044   14.934    0.006
  2453067.88390   14.936    0.006
  2453070.84543   14.936    0.006
  2453073.80092   14.944    0.006
  2453075.83947   14.943    0.006
  2453079.88409   14.941    0.006
  2453082.85735   14.937    0.006
  2453084.89668   14.934    0.004
  2453086.82903   14.940    0.004
  2453088.78653   14.939    0.004
  2453089.89577   14.935    0.006
  2453091.81595   14.938    0.006
  2453096.85406   14.934    0.006
  2453098.83457   14.935    0.006
  2453100.79506   14.940    0.006
  2453101.90156   14.939    0.006
  2453103.76632   14.939    0.006
  2453104.88084   14.932    0.008
  2453108.75891   14.938    0.004
  2453109.79382   14.936    0.006
  2453110.82546   14.937    0.006
  2453111.85665   14.930    0.004
  2453112.77429   14.943    0.004
  2453113.86407   14.941    0.006
  2453114.77560   14.941    0.006
  2453115.85666   14.942    0.006
  2453116.91449   14.946    0.006
  2453118.91822   14.943    0.006
  2453122.90162   14.942    0.006
  2453125.86188   14.943    0.006
  2453126.88748   14.939    0.006
  2453127.79298   14.959    0.006
  2453128.81136   14.945    0.006
  2453130.68937   14.938    0.006
  2453135.85426   14.941    0.006
  2453137.92972   14.945    0.004
  2453138.69243   14.943    0.006
  2453139.86373   14.946    0.006
  2453140.86946   14.938    0.006
  2453142.75778   14.948    0.006
  2453144.77868   14.940    0.006
  2453146.77847   14.930    0.006
  2453151.74126   14.932    0.006
  2453151.89394   14.939    0.006
  2453152.74455   14.941    0.006
  2453153.74930   14.950    0.006
  2453154.81079   14.944    0.006
  2453156.83051   14.938    0.006
  2453162.80550   14.943    0.006
  2453163.61482   14.937    0.006
  2453164.72710   14.935    0.006
  2453165.74794   14.949    0.004
  2453166.89306   14.936    0.007
  2453167.74593   14.931    0.006
  2453168.74111   14.946    0.006
  2453169.71700   14.939    0.006
  2453170.79455   14.937    0.004
  2453171.81721   14.936    0.004
  2453172.74423   14.941    0.004
  2453174.70053   14.938    0.004
  2453175.71047   14.931    0.004
  2453177.74402   14.948    0.007
  2453178.77418   14.938    0.004
  2453179.78392   14.946    0.006
  2453180.71227   14.939    0.004
  2453182.76372   14.945    0.006
  2453183.73236   14.938    0.006
  2453184.69020   14.940    0.004
  2453185.74282   14.950    0.006
  2453193.52836   14.931    0.006
  2453194.58705   14.930    0.006
  2453195.63433   14.940    0.004
  2453195.79202   14.943    0.004
  2453196.53745   14.936    0.006
  2453197.50497   14.933    0.006
  2453199.61473   14.937    0.006
  2453201.50657   14.944    0.004
  2453202.56101   14.934    0.006
  2453203.65048   14.934    0.006
  2453204.64375   14.942    0.004
  2453205.76688   14.946    0.004
  2453206.70935   14.949    0.006
  2453207.65791   14.955    0.004
  2453209.70296   14.949    0.004
  2453210.53672   14.942    0.006
  2453210.64614   14.950    0.006
  2453210.73364   14.939    0.006
  2453211.48856   14.960    0.006
  2453211.57520   14.941    0.006
  2453211.69245   14.948    0.006
  2453217.46637   14.945    0.006
  2453217.64378   14.956    0.006
  2453218.64209   14.940    0.006
  2453219.59044   14.955    0.007
  2453223.64335   14.945    0.007
  2453224.68887   14.939    0.006
  2453226.60618   14.940    0.006
  2453228.59258   14.952    0.006
  2453229.62508   14.938    0.006
  2453230.65867   14.940    0.006
  2453231.56199   14.945    0.006
  2453232.58990   14.947    0.006
  2453238.65420   14.940    0.006
  2453239.68974   14.937    0.006
  2453240.67085   14.929    0.006
  2453245.54564   14.950    0.006
  2453246.64934   14.947    0.006
  2453247.61549   14.938    0.006
  2453249.51743   14.938    0.006
  2453250.65018   14.950    0.006
  2453253.51445   14.951    0.006
  2453256.62725   14.947    0.006
  2453259.61406   14.944    0.006
  2453264.52422   14.942    0.006
  2453267.52331   14.948    0.004
  2453272.57873   14.943    0.006
  2453275.56167   14.938    0.006
  2453278.59060   14.939    0.006
  2453281.58952   14.945    0.004
  2453288.53718   14.932    0.004
  2453293.50776   14.955    0.004
  2453295.51795   14.950    0.004
  2453299.52158   14.933    0.003
  2453314.50671   14.939    0.007
  2453408.88185   14.937    0.006
  2453410.87793   14.947    0.006
  2453413.88277   14.945    0.004
  2453421.88901   14.933    0.004
  2453422.85895   14.948    0.006
  2453426.85454   14.936    0.004
  2453429.82767   14.938    0.006
  2453432.87996   14.947    0.006
  2453442.88236   14.937    0.004
  2453445.79519   14.943    0.004
  2453447.84580   14.946    0.004
  2453449.85843   14.940    0.004
  2453452.87903   14.940    0.004
  2453455.81331   14.945    0.006
  2453457.84678   14.946    0.004
  2453459.84196   14.943    0.004
  2453467.87187   14.936    0.004
  2453469.77775   14.942    0.004
  2453470.79072   14.947    0.004
  2453472.75314   14.947    0.004
  2453473.77293   14.943    0.004
  2453474.76957   14.938    0.006
  2453475.79515   14.941    0.004
  2453477.75700   14.942    0.004
  2453479.75583   14.939    0.004
  2453480.71598   14.938    0.004
  2453481.73390   14.941    0.006
  2453482.67623   14.942    0.004
  2453496.71345   14.939    0.004
  2453497.78498   14.948    0.006
  2453498.90661   14.940    0.004
  2453499.85612   14.952    0.004
  2453500.72233   14.949    0.004
  2453501.81875   14.943    0.004
  2453502.71460   14.943    0.004
  2453503.68379   14.939    0.004
  2453504.69854   14.938    0.004
  2453506.74234   14.943    0.004
  2453508.74653   14.946    0.004
  2453509.72500   14.950    0.004
  2453510.79482   14.944    0.004
  2453511.83394   14.945    0.004
  2453512.70311   14.941    0.006
  2453517.67944   14.944    0.006
  2453520.75467   14.945    0.006
  2453521.71188   14.939    0.004
  2453522.73992   14.945    0.004
  2453522.93112   14.939    0.004
  2453523.74441   14.941    0.004
  2453524.88960   14.942    0.004
  2453525.74278   14.947    0.004
  2453526.74625   14.950    0.004
  2453528.66711   14.937    0.004
  2453529.68946   14.949    0.003
  2453530.60453   14.937    0.004
  2453537.73536   14.948    0.004
  2453538.60666   14.936    0.004
  2453539.60989   14.936    0.004
  2453540.64718   14.943    0.004
  2453544.72217   14.943    0.004
  2453546.84126   14.936    0.006
  2453547.80554   14.947    0.006
  2453549.84801   14.948    0.004
  2453551.62841   14.948    0.003
  2453552.66286   14.959    0.004
  2453553.71453   14.935    0.006
  2453554.64982   14.948    0.006
  2453555.66194   14.938    0.004
  2453556.66970   14.942    0.004
  2453558.52450   14.950    0.004
  2453558.82324   14.965    0.006
  2453559.69317   14.948    0.004
  2453560.59450   14.943    0.004
  2453561.54228   14.950    0.004
  2453562.58293   14.952    0.006
  2453564.57139   14.946    0.006
  2453572.81223   14.946    0.006
  2453573.64318   14.942    0.006
  2453574.68309   14.936    0.004
  2453575.53058   14.945    0.004
  2453575.76719   14.952    0.004
  2453576.47399   14.942    0.004
  2453576.50563   14.945    0.004
  2453576.52929   14.937    0.004
  2453576.53553   14.946    0.004
  2453576.56937   14.944    0.004
  2453576.59549   14.945    0.006
  2453576.62253   14.946    0.004
  2453576.65195   14.946    0.004
  2453576.68449   14.946    0.006
  2453576.73632   14.938    0.004
  2453576.78386   14.949    0.007
  2453577.52434   14.946    0.004
  2453577.58460   14.951    0.004
  2453577.63169   14.944    0.004
  2453577.70998   14.944    0.004
  2453578.47803   14.939    0.004
  2453578.55518   14.940    0.004
  2453578.66918   14.936    0.004
  2453579.61462   14.945    0.004
  2453580.47338   14.942    0.004
  2453580.61533   14.940    0.004
  2453580.64784   14.939    0.004
  2453580.73281   14.945    0.006
  2453580.77667   14.950    0.006
  2453581.48375   14.939    0.004
  2453581.55874   14.938    0.004
  2453581.66775   14.942    0.004
  2453581.75638   14.946    0.006
  2453582.46531   14.948    0.006
  2453582.58673   14.943    0.004
  2453582.63955   14.941    0.004
  2453583.46339   14.938    0.006
  2453583.63000   14.958    0.004
  2453583.74987   14.943    0.004
  2453583.76998   14.939    0.006
  2453584.63869   14.944    0.004
  2453584.75330   14.947    0.004
  2453585.62900   14.948    0.004
  2453586.71410   14.951    0.004
  2453589.66765   14.945    0.004
  2453590.65160   14.939    0.004
  2453591.67514   14.937    0.004
  2453592.75108   14.945    0.004
  2453593.74208   14.946    0.006
  2453594.70429   14.937    0.004
  2453601.65283   14.943    0.004
  2453602.61344   14.936    0.004
  2453603.63343   14.940    0.004
  2453607.63181   14.948    0.004
  2453608.64715   14.944    0.004
  2453609.62771   14.944    0.004
  2453615.57495   14.941    0.004
  2453618.57656   14.940    0.004
  2453620.53972   14.938    0.004
  2453622.51763   14.931    0.004
  2453628.59381   14.930    0.006
  2453630.53314   14.936    0.006
  2453632.58328   14.938    0.006
  2453634.48385   14.936    0.006
  2453639.54274   14.943    0.004
  2453641.54118   14.944    0.006
  2453644.50148   14.946    0.006
  2453648.53330   14.953    0.006
  2453650.58738   14.948    0.006
  2453654.53737   14.951    0.006
  2453656.51861   14.944    0.006
  2453660.52305   14.946    0.006
  2453664.49986   14.948    0.006
  2453669.52773   14.936    0.006
  2453675.50517   14.950    0.007
  2453776.86388   14.942    0.006
  2453782.84860   14.954    0.006
  2453784.87392   14.940    0.004
  2453786.89348   14.942    0.006
  2453788.84275   14.955    0.004
  2453790.88652   14.942    0.006
  2453793.85379   14.938    0.004
  2453795.84037   14.941    0.006
  2453798.80442   14.944    0.004
  2453799.80466   14.945    0.006
  2453800.82351   14.945    0.006
  2453801.88301   14.940    0.006
  2453802.84859   14.936    0.004
  2453803.88390   14.950    0.004
  2453805.80025   14.938    0.004
  2453806.76661   14.941    0.004
  2453807.78573   14.948    0.006
  2453808.79336   14.952    0.004
  2453809.87847   14.948    0.004
  2453810.84513   14.939    0.004
  2453811.83671   14.936    0.004
  2453812.83280   14.946    0.006
  2453813.82275   14.941    0.004
  2453814.82463   14.939    0.004
  2453817.85617   14.947    0.004
  2453818.88525   14.944    0.004
  2453819.80297   14.941    0.004
  2453820.76961   14.932    0.004
  2453821.77275   14.939    0.004
  2453822.81214   14.939    0.004
  2453823.77512   14.938    0.006
  2453824.73849   14.943    0.006
  2453825.80335   14.941    0.006
  2453826.73188   14.948    0.004
  2453827.79966   14.943    0.004
  2453828.73548   14.932    0.006
  2453829.75931   14.932    0.004
  2453830.69838   14.941    0.004
  2453832.71309   14.940    0.006
  2453833.75941   14.938    0.004
  2453834.73841   14.930    0.006
  2453834.90943   14.938    0.004
  2453835.73421   14.938    0.004
  2453836.76245   14.936    0.006
  2453837.72981   14.934    0.004
  2453837.90155   14.946    0.004
  2453838.74155   14.937    0.006
  2453838.90888   14.935    0.006
  2453839.73736   14.932    0.006
  2453840.70334   14.940    0.006
  2453840.90827   14.936    0.004
  2453841.74188   14.941    0.004
  2453841.89247   14.937    0.004
  2453842.84379   14.940    0.004
  2453845.71737   14.943    0.006
  2453845.90517   14.938    0.006
  2453846.72807   14.942    0.004
  2453846.91239   14.938    0.004
  2453847.79422   14.937    0.006
  2453848.74917   14.944    0.006
  2453848.92861   14.938    0.006
  2453849.74825   14.943    0.004
  2453850.69229   14.943    0.004
  2453850.86400   14.944    0.004
  2453851.70743   14.946    0.006
  2453851.87228   14.946    0.004
  2453851.91844   14.944    0.004
  2453852.69601   14.946    0.006
  2453852.86638   14.941    0.004
  2453853.68444   14.937    0.004
  2453853.85277   14.943    0.004
  2453853.92352   14.939    0.004
  2453854.74827   14.946    0.004
  2453856.67448   14.943    0.004
  2453856.84124   14.942    0.004
  2453857.91215   14.941    0.004
  2453858.76087   14.936    0.004
  2453859.79907   14.939    0.004
  2453860.90742   14.941    0.006
  2453861.66497   14.937    0.004
  2453861.77023   14.935    0.004
  2453861.93348   14.942    0.004
  2453862.69836   14.936    0.004
  2453862.86233   14.938    0.004
  2453863.63379   14.938    0.006
  2453863.85142   14.941    0.004
  2453863.93072   14.944    0.004
  2453864.67432   14.938    0.004
  2453864.86432   14.942    0.004
  2453865.68511   14.931    0.004
  2453865.82060   14.955    0.004
  2453865.89859   14.956    0.004
  2453866.68353   14.939    0.004
  2453866.82304   14.942    0.004
  2453866.90194   14.940    0.004
  2453867.62645   14.948    0.006
  2453867.81208   14.948    0.004
  2453868.70952   14.937    0.006
  2453868.85477   14.940    0.006
  2453869.68929   14.942    0.006
  2453869.87029   14.941    0.006
  2453872.88665   14.941    0.004
  2453873.64160   14.944    0.004
  2453873.78430   14.940    0.004
  2453873.85707   14.943    0.004
  2453873.92662   14.939    0.004
  2453874.74127   14.940    0.006
  2453875.65497   14.944    0.004
  2453875.80246   14.945    0.004
  2453875.90137   14.940    0.004
  2453876.63222   14.937    0.004
  2453877.63034   14.948    0.004
  2453877.78104   14.943    0.004
  2453877.85555   14.940    0.004
  2453879.66177   14.945    0.004
  2453880.83117   14.936    0.004
  2453880.90999   14.934    0.004
  2453881.66036   14.937    0.004
  2453881.87189   14.948    0.004
  2453881.91865   14.943    0.004
  2453882.74867   14.941    0.004
  2453882.82290   14.943    0.004
  2453882.89179   14.939    0.004
  2453883.63808   14.942    0.006
  2453883.83290   14.945    0.004
  2453886.60016   14.937    0.004
  2453886.79289   14.948    0.004
  2453886.86476   14.944    0.004
  2453887.57346   14.961    0.006
  2453887.77601   14.942    0.004
  2453887.87567   14.941    0.004
  2453889.65596   14.951    0.004
  2453889.93422   14.938    0.004
  2453890.63145   14.955    0.004
  2453891.66555   14.939    0.004
  2453891.79383   14.943    0.006
  2453891.87580   14.946    0.004
  2453892.56716   14.947    0.004
  2453893.61656   14.944    0.006
  2453893.85840   14.945    0.006
  2453894.66979   14.939    0.006
  2453896.60739   14.938    0.006
  2453900.52871   14.948    0.006
  2453900.71437   14.945    0.006
  2453900.79371   14.950    0.004
  2453900.86232   14.939    0.004
  2453901.53883   14.949    0.006
  2453901.72014   14.944    0.004
  2453901.79741   14.943    0.006
  2453901.86635   14.940    0.006
  2453902.55896   14.947    0.004
  2453902.74101   14.942    0.004
  2453902.85520   14.953    0.006
  2453903.64917   14.950    0.006
  2453903.89484   14.938    0.006
  2453904.54975   14.944    0.004
  2453904.71284   14.939    0.004
  2453904.78181   14.942    0.004
  2453904.88405   14.931    0.004
  2453905.54658   14.946    0.004
  2453905.72317   14.941    0.004
  2453905.79327   14.945    0.004
  2453905.86181   14.947    0.004
  2453906.56110   14.941    0.006
  2453906.70090   14.938    0.004
  2453906.77404   14.943    0.004
  2453906.85326   14.945    0.004
  2453907.59185   14.950    0.004
  2453907.77409   14.937    0.006
  2453907.85863   14.946    0.006
  2453908.52688   14.950    0.004
  2453908.71359   14.948    0.004
  2453908.79365   14.951    0.004
  2453908.87327   14.941    0.006
  2453908.88482   14.943    0.004
  2453909.52970   14.948    0.006
  2453909.71251   14.950    0.004
  2453909.80300   14.950    0.004
  2453909.87925   14.951    0.004
  2453910.55917   14.955    0.006
  2453912.52899   14.941    0.004
  2453912.71629   14.943    0.004
  2453912.81018   14.942    0.004
  2453913.52043   14.946    0.004
  2453913.72582   14.944    0.004
  2453913.81478   14.956    0.004
  2453914.54418   14.936    0.004
  2453914.78539   14.948    0.004
  2453915.52197   14.961    0.004
  2453915.72396   14.938    0.004
  2453915.82214   14.944    0.004
  2453916.56066   14.943    0.006
  2453916.80451   14.940    0.006
  2453917.54833   14.946    0.004
  2453917.81506   14.945    0.006
  2453918.58907   14.955    0.004
  2453918.81282   14.946    0.006
  2453919.53957   14.940    0.004
  2453919.74957   14.942    0.004
  2453920.50727   14.941    0.004
  2453920.70334   14.939    0.004
  2453920.78874   14.944    0.004
  2453921.50345   14.943    0.006
  2453921.70269   14.955    0.006
  2453921.71716   14.958    0.006
  2453922.70712   14.940    0.006
  2453930.52818   14.939    0.004
  2453930.78216   14.956    0.006
  2453931.49269   14.948    0.006
  2453931.80961   14.944    0.006
  2453932.52357   14.943    0.004
  2453932.79533   14.938    0.006
  2453933.51006   14.955    0.004
  2453933.69445   14.950    0.004
  2453933.76643   14.943    0.004
  2453934.48388   14.952    0.004
  2453934.65393   14.952    0.004
  2453934.72375   14.951    0.004
  2453935.53380   14.946    0.004
  2453935.70508   14.939    0.006
  2453935.80267   14.946    0.006
  2453936.48720   14.937    0.006
  2453936.65264   14.942    0.004
  2453936.72903   14.931    0.006
  2453937.55147   14.931    0.006
  2453938.49489   14.941    0.006
  2453938.68585   14.936    0.004
  2453938.79512   14.945    0.006
  2453940.57518   14.946    0.004
  2453941.69619   14.951    0.006
  2453944.54750   14.937    0.004
  2453944.74786   14.933    0.004
  2453945.50886   14.937    0.004
  2453945.77570   14.930    0.006
  2453946.50661   14.963    0.006
  2453946.69878   14.944    0.004
  2453950.51554   14.955    0.004
  2453950.73056   14.937    0.004
  2453951.50824   14.946    0.006
  2453951.73952   14.941    0.006
  2453955.68501   14.942    0.007
  2453956.56076   14.934    0.006
  2453957.49986   14.945    0.006
  2453958.57061   14.947    0.004
  2453959.50341   14.953    0.006
  2453959.67785   14.950    0.004
  2453960.49270   14.949    0.004
  2453960.67174   14.943    0.004
  2453961.56400   14.935    0.006
  2453963.52530   14.946    0.004
  2453963.70267   14.938    0.004
  2453964.52039   14.940    0.004
  2453964.72529   14.942    0.004
  2453965.50484   14.943    0.004
  2453965.69614   14.950    0.004
  2453966.48002   14.947    0.004
  2453966.68176   14.945    0.004
  2453967.51439   14.937    0.006
  2453967.70721   14.953    0.004
  2453968.49247   14.951    0.006
  2453968.66241   14.937    0.004
  2453969.47414   14.944    0.006
  2453969.67478   14.941    0.004
  2453970.50321   14.935    0.006
  2453970.68177   14.934    0.004
  2453971.54714   14.936    0.006
  2453973.56523   14.949    0.006
  2453974.50258   14.949    0.006
  2453974.68136   14.947    0.006
  2453975.50549   14.953    0.004
  2453975.67737   14.942    0.006
  2453976.50002   14.950    0.004
  2453976.67603   14.943    0.006
  2453979.50230   14.946    0.006
  2453982.56293   14.946    0.004
  2453983.51661   14.952    0.006
  2453986.57735   14.953    0.006
  2453987.49973   14.936    0.004
  2453988.50553   14.942    0.004
  2453989.52320   14.946    0.004
  2453990.54007   14.941    0.006
  2453991.49582   14.953    0.006
  2453993.54752   14.944    0.006
  2453994.55816   14.933    0.006
  2453995.56575   14.937    0.004
  2453999.58099   14.939    0.006
  2454002.48924   14.944    0.004
  2454003.48671   14.941    0.004
  2454004.52089   14.941    0.004
  2454006.51381   14.945    0.004
  2454012.49369   14.946    0.006
  2454016.50936   14.931    0.006
  2454018.54560   14.949    0.006
  2454020.53238   14.938    0.004
  2454023.53270   14.939    0.006
  2454025.55212   14.933    0.004
  2454027.55814   14.934    0.006
  2454030.54927   14.939    0.006
